0 1 254
0 2 254
2 3 254
3 4 254
4 5 254
5 6 254
6 7 254
7 8 254
8 9 254
1 10 254
10 11 254
11 12 254
12 13 254
14 15 18
14 16 18
17 18 254
17 19 254
19 20 254
20 21 254
21 22 254
22 23 254
23 24 254
24 25 254
25 26 254
26 27 254
27 28 254
28 29 254
29 30 254
30 31 254
18 32 254
32 33 254
33 34 254
34 35 254
35 36 254
36 37 254
37 38 254
38 39 254
39 40 254
40 41 254
42 43 254
42 44 254
44 45 254
45 46 254
46 47 254
47 48 254
48 49 254
49 50 254
50 51 254
51 52 254
52 53 254
53 54 254
54 55 254
55 56 254
56 57 254
57 58 254
58 59 254
43 60 254
60 61 254
62 63 108
62 64 108
64 65 108
65 66 108
66 67 108
68 69 157
68 70 157
71 72 61
71 73 61
73 74 61
74 75 61
75 76 61
76 77 61
77 78 61
79 80 69
80 69 69
81 82 47
81 83 47
84 85 21
84 72 21
85 83 21
86 87 43
86 88 43
87 89 43
89 90 43
90 63 43
91 92 254
91 93 254
93 94 254
94 95 254
95 96 254
96 97 254
97 98 254
98 99 254
99 100 254
92 101 254
101 102 254
102 103 254
103 104 254
104 105 254
105 106 254
106 107 254
108 109 74
108 110 74
109 111 74
112 113 60
112 114 60
114 115 60
115 116 60
116 117 60
117 118 60
118 119 60
119 120 60
121 122 254
121 123 254
123 124 254
124 125 254
125 126 254
126 127 254
127 128 254
128 129 254
129 130 254
130 131 254
122 132 254
132 133 254
133 134 254
135 136 254
135 137 254
137 138 254
138 139 254
139 140 254
140 141 254
141 142 254
142 143 254
143 144 254
144 145 254
145 146 254
146 85 254
85 83 254
136 147 254
147 148 254
148 149 254
149 150 254
150 151 254
151 152 254
153 154 60
153 155 60
156 157 6
156 158 6
158 154 6
159 160 63
159 161 63
161 162 63
162 163 63
163 164 63
164 165 63
165 166 63
160 167 63
168 169 57
169 170 57
171 172 37
171 167 37
173 174 254
173 175 254
175 176 254
176 177 254
177 178 254
178 179 254
179 180 254
180 181 254
181 182 254
182 183 254
183 184 254
184 185 254
185 186 254
174 187 254
187 188 254
188 189 254
189 190 254
191 192 90
192 193 90
193 194 90
195 196 36
195 197 36
198 199 254
198 200 254
200 201 254
201 202 254
202 203 254
203 204 254
204 205 254
205 206 254
206 207 254
207 208 254
208 209 254
209 210 254
199 211 254
211 212 254
212 213 254
213 214 254
215 216 48
215 217 48
216 218 48
219 220 8
219 221 8
221 222 8
222 223 8
223 224 8
224 225 8
225 226 8
226 227 8
227 228 8
228 229 8
229 230 8
230 231 8
231 232 8
232 233 8
233 234 8
234 235 8
235 236 8
236 237 8
237 238 8
238 239 8
239 240 8
240 241 8
241 242 8
242 243 8
243 244 8
244 245 8
245 246 8
246 247 8
247 248 8
248 249 8
249 250 8
250 251 8
251 252 8
252 253 8
253 254 8
254 255 8
255 256 8
256 257 8
257 258 8
258 259 8
259 260 8
260 261 8
261 262 8
262 263 8
263 264 8
264 265 8
265 266 8
266 267 8
267 268 8
268 269 8
269 270 8
270 271 8
271 272 8
272 273 8
273 274 8
274 275 8
275 276 8
276 13 8
220 277 8
277 278 8
279 280 10
279 281 10
281 282 10
282 283 10
283 284 10
284 285 10
285 286 10
286 287 10
287 288 10
280 289 10
289 290 10
290 291 10
292 293 32
292 294 32
294 295 32
295 296 32
296 297 32
297 298 32
298 299 32
300 301 254
300 302 254
302 303 254
303 304 254
304 305 254
305 306 254
306 307 254
307 308 254
308 309 254
309 310 254
310 311 254
311 312 254
312 313 254
301 314 254
314 315 254
315 316 254
316 317 254
317 318 254
318 319 254
319 320 254
320 321 254
322 323 90
322 324 90
323 325 90
325 318 90
318 319 90
319 320 90
320 321 90
326 327 7
326 328 7
329 330 254
329 331 254
331 332 254
332 333 254
333 334 254
334 335 254
335 336 254
336 337 254
337 217 254
330 338 254
338 339 254
339 340 254
341 342 26
341 343 26
342 344 26
345 346 153
345 347 153
347 348 153
348 349 153
350 351 79
350 352 79
352 353 79
353 354 79
354 355 79
351 356 79
357 358 20
357 359 20
360 361 254
360 362 254
362 363 254
363 364 254
364 365 254
365 366 254
366 367 254
367 368 254
368 369 254
369 370 254
370 371 254
371 372 254
361 373 254
374 375 24
374 358 24
376 377 10
376 378 10
379 355 7
379 380 7
380 375 7
381 382 254
381 383 254
383 384 254
384 385 254
385 386 254
386 387 254
387 388 254
388 389 254
389 390 254
390 391 254
382 392 254
392 393 254
393 394 254
394 395 254
395 396 254
396 397 254
397 398 254
398 399 254
400 401 38
400 402 38
403 404 43
403 401 43
405 406 16
405 407 16
407 408 16
408 409 16
409 410 16
410 411 16
411 412 16
412 413 16
413 414 16
414 415 16
415 416 16
416 417 16
417 418 16
418 419 16
419 420 16
420 421 16
421 422 16
422 423 16
423 424 16
424 425 16
425 426 16
426 427 16
427 428 16
428 429 16
429 430 16
430 431 16
431 432 16
432 433 16
433 434 16
434 435 16
435 278 16
406 436 16
436 437 16
437 438 16
438 439 16
439 440 16
441 442 95
441 443 95
443 444 95
442 404 95
445 446 254
445 447 254
447 448 254
448 449 254
449 450 254
450 451 254
451 452 254
452 453 254
453 454 254
454 455 254
455 456 254
456 377 254
446 457 254
458 459 254
458 460 254
460 461 254
461 462 254
462 463 254
463 464 254
464 465 254
465 466 254
466 467 254
467 468 254
468 469 254
469 470 254
470 357 254
357 359 254
459 471 254
471 472 254
472 473 254
473 474 254
474 475 254
475 476 254
476 477 254
478 479 6
478 480 6
479 481 6
482 483 78
482 484 78
484 485 78
485 486 78
487 488 6
487 489 6
489 490 6
490 491 6
491 492 6
492 493 6
493 494 6
494 480 6
495 496 254
495 497 254
497 498 254
498 499 254
499 500 254
500 501 254
501 502 254
502 503 254
503 504 254
504 505 254
505 506 254
506 507 254
507 508 254
508 509 254
509 510 254
496 511 254
511 512 254
512 513 254
514 515 23
514 516 23
516 517 23
517 513 23
515 518 23
518 519 23
519 520 23
520 521 23
521 522 23
522 523 23
524 525 136
524 15 136
525 526 136
526 527 136
527 99 136
99 100 136
528 529 44
528 530 44
530 531 44
531 41 44
532 533 48
532 534 48
534 527 48
527 99 48
99 100 48
533 535 48
536 537 253
536 538 253
538 539 253
539 540 253
540 541 253
541 542 253
542 543 253
543 544 253
544 545 253
545 546 253
546 547 253
547 548 253
548 549 253
549 550 253
550 551 253
551 552 253
552 553 253
553 554 253
554 555 253
555 556 253
556 557 253
557 558 253
558 559 253
559 560 253
560 561 253
561 562 253
562 563 253
563 564 253
564 565 253
565 566 253
566 567 253
567 568 253
568 569 253
569 570 253
570 571 253
571 572 253
572 573 253
573 574 253
574 575 253
575 576 253
576 577 253
577 578 253
578 579 253
579 580 253
580 581 253
581 582 253
582 583 253
583 584 253
584 11 253
11 12 253
12 13 253
537 585 253
585 586 253
587 70 33
587 588 33
588 589 33
589 590 33
591 592 8
591 593 8
593 594 8
594 595 8
595 596 8
596 597 8
597 598 8
592 599 8
600 601 99
600 79 99
182 602 18
182 183 18
183 184 18
184 185 18
185 186 18
602 603 18
603 604 18
604 110 18
605 606 12
605 607 12
606 608 12
609 610 58
610 611 58
611 612 58
612 157 58
613 210 22
613 172 22
614 313 50
614 196 50
615 616 33
615 617 33
616 618 33
618 619 33
311 620 14
311 312 14
312 313 14
621 622 40
622 623 40
623 212 40
212 213 40
213 214 40
624 625 9
624 626 9
626 627 9
627 617 9
625 628 9
628 629 9
629 630 9
630 631 9
631 632 9
632 620 9
299 633 24
633 634 24
634 635 24
635 636 24
636 637 24
637 638 24
639 640 28
639 641 28
641 642 28
642 643 28
643 644 28
644 645 28
645 646 28
640 647 28
647 648 28
648 649 28
649 650 28
650 651 28
651 652 28
652 653 28
653 654 28
654 655 28
655 656 28
656 657 28
657 658 28
658 659 28
659 660 28
660 661 28
661 662 28
662 663 28
664 665 13
664 666 13
666 293 13
665 667 13
668 669 253
668 670 253
670 671 253
671 672 253
672 673 253
673 674 253
674 675 253
675 676 253
676 677 253
669 678 253
678 679 253
679 680 253
681 682 65
681 327 65
682 683 65
683 684 65
685 686 9
685 687 9
687 321 9
688 689 21
688 690 21
690 691 21
691 692 21
692 693 21
693 694 21
694 695 21
695 696 21
696 663 21
689 697 21
697 698 21
698 699 21
699 700 21
700 701 21
701 702 21
702 703 21
378 704 106
704 705 106
706 707 47
706 708 47
707 390 47
390 391 47
709 391 7
709 684 7
710 711 90
710 712 90
713 714 35
713 715 35
715 716 35
716 399 35
714 717 35
717 718 35
719 720 69
719 721 69
722 723 36
722 724 36
724 725 36
725 477 36
723 726 36
727 728 14
727 729 14
730 731 33
730 488 33
731 732 33
732 733 33
733 734 33
734 735 33
735 736 33
737 738 37
737 739 37
739 740 37
740 741 37
741 742 37
743 744 29
743 745 29
745 746 29
746 747 29
747 738 29
744 590 29
748 749 22
748 750 22
750 751 22
751 752 22
752 753 22
749 38 22
38 39 22
39 40 22
40 41 22
754 67 10
754 755 10
755 756 10
756 757 10
757 529 10
758 759 17
758 760 17
760 761 17
761 762 17
762 763 17
759 764 17
765 186 35
765 113 35
766 767 50
766 768 50
768 609 50
767 769 50
769 770 50
770 771 50
771 772 50
773 774 21
773 775 21
775 776 21
776 777 21
777 778 21
778 779 21
779 780 21
780 781 21
781 782 21
782 783 21
783 784 21
784 785 21
785 786 21
786 787 21
787 788 21
788 789 21
789 790 21
790 791 21
791 792 21
792 793 21
793 794 21
794 795 21
795 796 21
796 797 21
797 599 21
774 646 21
798 799 46
798 800 46
800 801 46
799 802 46
802 803 46
804 805 22
804 168 22
806 807 25
806 808 25
807 809 25
810 811 18
810 812 18
812 813 18
813 814 18
814 815 18
815 816 18
816 817 18
817 818 18
818 191 18
819 820 8
819 809 8
821 619 13
821 819 13
819 809 13
822 288 14
822 823 14
824 825 90
824 826 90
825 827 90
827 828 90
828 829 90
829 830 90
830 831 90
831 832 90
832 833 90
372 834 64
834 835 64
836 837 29
836 218 29
837 838 29
838 839 29
839 291 29
840 841 11
840 842 11
842 686 11
841 843 11
843 844 11
844 845 11
845 846 11
846 847 11
848 849 17
848 850 17
850 708 17
849 851 17
851 852 17
852 853 17
853 854 17
854 847 17
855 856 95
855 857 95
858 859 16
858 860 16
860 861 16
861 343 16
859 862 16
863 864 104
863 865 104
865 866 104
866 867 104
867 711 104
864 868 104
868 869 104
869 870 104
871 872 21
871 873 21
873 718 21
874 510 44
874 875 44
875 876 44
876 877 44
877 878 44
878 444 44
879 880 29
879 881 29
881 882 29
505 883 13
505 506 13
506 507 13
507 508 13
508 509 13
509 510 13
883 884 13
884 885 13
886 887 25
886 888 25
889 890 80
889 891 80
891 892 80
892 726 80
890 893 80
893 894 80
895 896 29
895 897 29
897 898 29
896 899 29
899 900 29
900 535 29
901 902 29
901 903 29
902 155 29
904 905 14
904 189 14
189 190 14
905 906 14
906 907 14
194 908 17
908 909 17
909 190 17
910 911 23
910 907 23
912 833 30
912 913 30
913 914 30
914 915 30
915 916 30
917 918 81
917 919 81
919 340 81
918 920 81
921 922 23
921 923 23
924 925 72
924 926 72
927 928 12
927 929 12
929 930 12
930 931 12
931 932 12
932 933 12
933 703 12
928 934 12
705 935 16
935 936 16
937 938 11
937 885 11
938 939 11
939 940 11
941 942 34
941 943 34
943 944 34
944 945 34
945 946 34
946 947 34
947 948 34
942 949 34
949 950 34
950 951 34
951 952 34
952 953 34
953 954 34
954 955 34
955 956 34
956 957 34
958 959 97
959 960 97
960 961 97
961 962 97
962 887 97
963 964 58
963 965 58
966 967 7
966 968 7
968 523 7
969 763 13
969 970 13
970 971 13
971 972 13
972 973 13
973 107 13
974 975 23
974 976 23
976 977 23
977 978 23
978 979 23
979 764 23
980 808 21
980 911 21
981 916 11
981 680 11
982 923 17
982 920 17
983 984 18
983 985 18
985 856 18
984 349 18
986 987 20
986 880 20
987 888 20
988 989 9
988 990 9
990 957 9
989 991 9
991 992 9
993 994 10
993 61 10
995 996 19
996 997 19
997 105 19
105 106 19
106 107 19
998 999 24
998 134 24
999 903 24
1000 170 11
1000 801 11
1001 1002 11
1001 1003 11
1003 805 11
1002 1004 11
1004 1005 11
1005 1006 11
1006 1007 11
1008 1009 17
1008 1010 17
1010 667 17
1011 344 19
1011 922 19
936 1012 70
1012 1013 70
1014 1015 27
1014 1016 27
1016 934 27
1015 1017 27
356 1018 47
1018 1019 47
1019 1020 47
1020 346 47
1021 1022 43
1021 1023 43
1023 481 43
1022 720 43
1024 1025 21
1024 894 21
1025 1026 21
1027 1028 36
1027 1029 36
1028 1030 36
1030 1026 36
1031 1032 8
1031 586 8
1032 1033 8
1033 1034 8
1034 1035 8
1035 1036 8
1036 598 8
1037 742 6
1037 994 6
1038 1039 16
1038 1040 16
1040 1041 16
1041 753 16
1042 1043 8
1043 975 8
1044 152 23
1044 1045 23
1045 1046 23
1047 1048 7
1048 1049 7
1049 1050 7
1050 1051 7
1051 1046 7
1052 1053 15
1052 1054 15
1053 926 15
1055 857 8
1055 925 8
1056 1057 28
1056 940 28
1057 1058 28
1059 1060 91
1059 995 91
1061 1062 36
1061 1063 36
1063 120 36
1062 1064 36
1065 166 11
1065 1066 11
1066 1067 11
209 1007 7
209 210 7
1068 1069 8
1068 965 8
1069 958 8
1070 729 10
1070 1071 10
1071 1072 10
1072 512 10
512 513 10
1073 1074 14
1073 964 14
1075 1076 70
1076 1039 70
1077 810 12
810 812 12
812 813 12
813 814 12
814 815 12
815 816 12
816 817 12
817 818 12
818 191 12
1078 217 9
1078 1009 9
1079 1080 21
1079 1081 21
1081 1082 21
1082 1083 21
1080 948 21
1084 1085 63
1084 1086 63
1086 677 63
1085 1087 63
1087 772 63
1088 1089 10
1088 1090 10
1090 1091 10
1091 1092 10
1092 835 10
1089 826 10
1093 1094 7
1093 1095 7
1094 394 7
394 395 7
395 396 7
396 397 7
397 398 7
398 399 7
721 1096 39
1096 1097 39
1098 88 8
1098 1099 8
1099 1100 8
1100 1101 8
1101 1102 8
1102 82 8
111 1103 7
1103 1042 7
1013 1104 62
1104 870 62
1105 1083 7
1105 1106 7
1106 1017 7
1107 1108 43
1107 1109 43
1109 728 43
1110 1111 23
1110 131 23
1111 1112 23
1112 601 23
1113 803 24
1113 1114 24
1114 1115 24
1115 1116 24
1116 1117 24
1117 608 24
1118 1119 41
1118 1120 41
1120 1121 41
1121 373 41
1122 1123 22
1122 1124 22
1123 1125 22
1125 1074 22
1126 1127 11
1126 59 11
1127 1128 11
1128 1129 11
1129 16 11
1130 1131 19
1130 621 19
1131 638 19
1132 1133 35
1132 1134 35
1134 31 35
1133 1135 35
1135 898 35
402 1136 6
1136 1137 6
1137 1095 6
1138 1139 10
1138 1140 10
1140 1141 10
1141 1142 10
1142 1143 10
1139 1144 10
1145 882 65
1145 1146 65
1147 1148 6
1147 1149 6
1149 1108 6
1150 1151 42
1150 1152 42
1152 967 42
1151 1153 42
1154 1155 6
1154 1156 6
1156 152 6
1155 607 6
1157 1158 44
1157 1159 44
1159 1160 44
1160 1161 44
1161 1162 44
1162 1163 44
1163 992 44
1164 712 12
1164 1165 12
1165 1119 12
1166 1167 28
1166 457 28
1167 1146 28
339 1054 6
339 340 6
1168 1169 43
1168 1144 43
1169 324 43
1170 1171 24
1170 483 24
1171 1172 24
1172 736 24
1173 1174 17
1173 1097 17
1174 476 17
476 477 17
1175 823 171
1175 1176 171
1176 1177 171
1177 214 171
1178 486 159
1178 1029 159
1067 1179 156
1179 1047 156
1180 1064 154
1180 1060 154
1181 1182 154
1181 1183 154
1183 1058 154
1182 1184 154
1184 872 154
1185 1186 143
1185 1187 143
1187 1075 143
1186 78 143
1188 1189 109
1188 1190 109
1190 1191 109
1191 1124 109
1189 1192 109
1192 1193 109
1194 328 110
1194 1195 110
1195 1196 110
1196 1197 110
1197 1198 110
1198 1199 110
1199 1143 110
1200 197 105
1200 1201 105
1201 811 105
1202 1203 69
1202 1204 69
1204 586 69
1205 359 78
1205 862 78
1206 1207 23
1206 1208 23
1208 1209 23
1209 1210 23
1210 1211 23
1211 1212 23
1212 1213 23
1213 1214 23
1214 1215 23
1215 1216 23
1216 1217 23
1217 1218 23
1218 1219 23
1219 1220 23
1220 1221 23
1221 1222 23
1222 1223 23
1223 1224 23
1224 1225 23
1225 1226 23
1226 21 23
21 22 23
22 23 23
23 24 23
24 25 23
25 26 23
26 27 23
27 28 23
28 29 23
29 30 23
30 31 23
1207 1227 23
1227 9 23
1228 1229 14
1228 1230 14
1230 1231 14
1231 1232 14
1232 1233 14
1233 1234 14
1234 1235 14
1235 1236 14
1236 1237 14
1237 1238 14
1238 1239 14
1239 494 14
494 480 14
1229 1240 14
1240 1241 14
1241 1242 14
1242 1243 14
1243 1244 14
1244 1245 14
1246 1247 8
1246 1248 8
1248 733 8
733 734 8
734 735 8
735 736 8
1249 1250 9
1249 1251 9
1251 1252 9
1252 1253 9
1253 1254 9
1254 1255 9
1255 1256 9
1256 1257 9
1257 1258 9
1258 1259 9
1259 1260 9
1260 1261 9
1261 1262 9
1262 1263 9
1263 1264 9
1264 1265 9
1265 1266 9
1266 1267 9
1267 1268 9
1268 1269 9
1269 1270 9
1270 1271 9
1271 1272 9
1272 1273 9
1273 1274 9
1274 1275 9
1275 1276 9
1276 1277 9
1277 1278 9
1278 1279 9
1279 1280 9
1280 1281 9
1281 1282 9
1282 1283 9
1283 1284 9
1284 1285 9
1285 1286 9
1286 1287 9
1287 1288 9
1288 1289 9
1289 1290 9
1290 1291 9
1291 1292 9
1292 1293 9
1293 1294 9
1294 1295 9
1295 1296 9
1296 1297 9
1297 1298 9
1298 1299 9
1299 1300 9
1300 1301 9
1301 1302 9
1302 1303 9
1303 1304 9
1304 1305 9
1305 1306 9
1306 1307 9
1307 1308 9
1308 1309 9
1309 1310 9
1310 1311 9
1311 1312 9
1312 1313 9
1313 1314 9
1314 1315 9
1315 1316 9
1316 1317 9
1317 1318 9
1318 1319 9
1319 1320 9
1320 1321 9
1321 1322 9
1322 1323 9
1323 1324 9
1324 1325 9
1325 1326 9
1326 1327 9
1327 1328 9
1328 1329 9
1329 1330 9
1330 1331 9
1331 1332 9
1332 1333 9
1333 1334 9
1334 1335 9
1335 1336 9
1336 1337 9
1337 1338 9
1338 1339 9
1339 1340 9
1340 1341 9
1341 1342 9
1342 1343 9
1343 1344 9
1344 1345 9
1345 1346 9
1346 1347 9
1347 1348 9
1348 1349 9
1349 1350 9
1350 1351 9
1351 1352 9
1352 1353 9
1353 1354 9
1354 1355 9
1355 1356 9
1356 1357 9
1357 1358 9
1358 1359 9
1359 1360 9
1360 1361 9
1361 1362 9
1362 1363 9
1363 1364 9
1364 1365 9
1365 1366 9
1366 1367 9
1367 1368 9
1368 1369 9
1369 1370 9
1370 1371 9
1371 1372 9
1372 1373 9
1373 1374 9
1374 1375 9
1375 1210 9
1210 1211 9
1211 1212 9
1212 1213 9
1213 1214 9
1214 1215 9
1215 1216 9
1216 1217 9
1217 1218 9
1218 1219 9
1219 1220 9
1220 1221 9
1221 1222 9
1222 1223 9
1223 1224 9
1224 1225 9
1225 1226 9
1226 21 9
21 22 9
22 23 9
23 24 9
24 25 9
25 26 9
26 27 9
27 28 9
28 29 9
29 30 9
30 31 9
1250 1376 9
1377 1378 7
1377 1379 7
1379 1376 7
