70 0 0 0
71 0 0 -16
69 0 0 0
68 0 0 0
67 0 0 0
66 0 0 0
65 0 0 0
64 0 0 -2
63 0 0 -14
62 0 0 -23
72 0 0 -192
73 0 0 -236
73 1 0 -246
73 2 0 -254
17 4 0 -236
17 5 0 -254
16 4 0 -254
39 3 0 0
39 4 0 -2
39 2 0 0
39 1 0 0
39 0 0 0
38 0 0 0
37 0 0 0
36 0 0 0
35 0 0 0
34 0 0 0
33 0 0 0
32 0 0 0
31 0 0 0
30 0 0 -32
29 0 0 -240
40 4 0 -9
41 4 0 -13
42 4 0 -39
43 4 0 -102
44 4 0 -137
45 4 0 -156
45 5 0 -249
46 5 0 -246
46 6 0 -252
47 6 0 -253
0 1 0 0
0 2 0 -1
0 0 0 0
1 0 0 0
2 0 0 0
3 0 0 0
4 0 0 0
5 0 0 0
6 0 0 0
7 0 0 0
8 0 0 0
9 0 0 0
10 0 0 0
11 0 0 0
12 0 0 -7
13 0 0 -211
14 0 0 -240
14 1 0 -241
0 3 0 -82
0 4 0 -249
49 15 0 -146
49 16 0 -254
50 15 0 -249
50 14 0 -249
50 13 0 -252
50 12 0 -252
5 15 0 -97
5 16 0 -254
6 15 0 -253
38 16 0 -193
38 17 0 -254
37 16 0 -249
37 15 0 -252
36 15 0 -252
36 14 0 -254
36 13 0 -254
36 12 0 -254
4 17 0 -254
5 17 0 -185
40 19 0 -207
41 19 0 -254
40 18 0 -254
39 17 0 -233
39 18 0 -246
47 18 0 -236
48 18 0 -211
47 19 0 -244
48 17 0 -251
49 17 0 -253
20 14 0 0
20 15 0 -1
20 13 0 0
20 12 0 0
20 11 0 0
20 10 0 -1
20 9 0 0
20 8 0 0
20 7 0 -252
21 7 0 -253
20 16 0 -1
19 16 0 -5
19 17 0 -11
20 17 0 -184
20 18 0 -249
21 18 0 -249
22 18 0 -250
25 31 0 -253
26 31 0 -180
24 31 0 -253
26 30 0 -244
16 30 0 -194
17 30 0 -252
16 29 0 -253
16 28 0 -252
15 28 0 -249
15 27 0 -254
15 26 0 -253
15 25 0 -251
15 24 0 -254
0 28 0 0
0 29 0 -29
0 27 0 0
0 26 0 0
0 25 0 0
0 24 0 0
0 23 0 -2
0 22 0 -73
0 21 0 -239
0 20 0 -239
0 19 0 -242
0 30 0 -239
0 31 0 -240
1 31 0 -249
39 29 0 0
39 30 0 -1
39 28 0 0
39 27 0 0
39 26 0 0
39 25 0 0
39 24 0 0
39 23 0 0
39 22 0 0
39 21 0 0
39 20 0 0
39 19 0 -28
40 30 0 -6
41 30 0 -37
42 30 0 -51
43 30 0 -65
44 30 0 -67
44 31 0 -234
5 34 0 -194
6 34 0 -254
5 33 0 -251
7 35 0 -248
7 36 0 -254
6 35 0 -254
37 41 0 -191
38 41 0 -202
37 40 0 -247
37 39 0 -253
36 39 0 -253
36 38 0 -253
36 37 0 -254
36 36 0 -254
38 42 0 -254
48 43 0 -252
49 43 0 -197
49 42 0 -252
39 42 0 -217
39 43 0 -254
21 40 0 0
21 41 0 -2
21 39 0 0
21 38 0 0
21 37 0 0
21 36 0 0
21 35 0 0
21 34 0 0
21 33 0 -183
21 32 0 -235
20 32 0 -241
19 32 0 -241
19 31 0 -254
18 31 0 -254
21 42 0 -87
22 42 0 -128
22 43 0 -251
21 43 0 -251
17 45 0 -252
18 45 0 -164
18 44 0 -165
19 44 0 -251
16 55 0 -218
17 55 0 -254
16 54 0 -254
41 54 0 0
41 55 0 -7
41 53 0 0
41 52 0 0
41 51 0 0
41 50 0 0
41 49 0 0
41 48 0 0
41 47 0 0
41 46 0 -1
41 45 0 -226
41 44 0 -240
40 44 0 -247
42 55 0 -70
42 56 0 -250
43 56 0 -250
44 56 0 -253
45 70 0 -245
46 70 0 -206
44 70 0 -249
46 69 0 -252
73 59 0 -246
73 60 0 -253
73 58 0 -247
73 57 0 -253
73 56 0 -253
73 55 0 -254
73 54 0 -254
73 53 0 -254
73 52 0 -254
73 51 0 -254
73 50 0 -254
73 49 0 -251
73 48 0 -251
73 47 0 -252
73 46 0 -252
73 45 0 -252
73 44 0 -252
73 43 0 -249
73 42 0 -249
73 41 0 -252
73 40 0 -252
73 39 0 -254
73 38 0 -254
73 37 0 -254
73 36 0 -254
73 35 0 -254
73 34 0 -254
73 33 0 -254
73 32 0 -254
73 31 0 -254
73 30 0 -254
73 29 0 -254
73 28 0 -254
73 27 0 -254
73 26 0 -254
73 25 0 -254
73 24 0 -254
73 23 0 -254
73 22 0 -254
73 21 0 -254
73 20 0 -254
73 19 0 -254
73 18 0 -254
73 17 0 -252
73 16 0 -252
73 15 0 -253
73 14 0 -253
73 13 0 -254
73 12 0 -254
73 11 0 -254
73 10 0 -254
73 9 0 -254
73 8 0 -254
73 7 0 -254
73 6 0 -254
73 5 0 -254
73 4 0 -254
73 3 0 -254
73 61 0 -253
73 62 0 -254
50 64 0 -244
50 65 0 -245
50 63 0 -249
50 62 0 -248
50 61 0 -248
50 60 0 -246
49 60 0 -245
49 59 0 -254
49 58 0 -254
48 58 0 -254
50 66 0 -252
49 66 0 -247
49 67 0 -254
37 67 0 -222
38 67 0 -253
37 66 0 -246
37 65 0 -254
37 64 0 -254
36 64 0 -254
36 63 0 -254
36 62 0 -254
19 67 0 0
19 68 0 -4
19 66 0 0
19 65 0 0
19 64 0 0
19 63 0 0
19 62 0 0
19 61 0 0
19 60 0 0
19 59 0 0
19 58 0 0
19 57 0 -239
19 56 0 -253
18 56 0 -253
20 68 0 -16
21 68 0 -54
22 68 0 -89
23 68 0 -142
23 69 0 -247
24 69 0 -250
25 69 0 -251
25 70 0 -253
20 69 0 -164
21 69 0 -179
19 69 0 -228
22 69 0 -247
16 81 0 -247
17 81 0 -254
16 80 0 -254
44 78 0 0
44 79 0 -1
44 77 0 0
44 76 0 0
44 75 0 0
44 74 0 0
44 73 0 0
44 72 0 0
44 71 0 -51
44 80 0 -79
44 81 0 -223
43 81 0 -229
36 86 0 -248
37 86 0 -228
36 87 0 -254
37 85 0 -254
49 91 0 -101
49 92 0 -254
50 91 0 -245
50 90 0 -245
50 89 0 -250
46 95 0 -250
47 95 0 -175
45 95 0 -254
44 95 0 -254
43 95 0 -254
42 95 0 -254
47 94 0 -249
38 93 0 -234
39 93 0 -254
38 92 0 -254
0 78 0 0
0 79 0 -1
0 77 0 0
0 76 0 0
0 75 0 0
0 74 0 0
0 73 0 0
0 72 0 -2
0 71 0 -186
0 70 0 -225
0 69 0 -222
1 69 0 -230
2 69 0 -253
0 80 0 -242
39 94 0 -230
40 94 0 -254
2 94 0 -244
2 95 0 -254
3 94 0 -254
41 95 0 -247
41 94 0 -253
22 91 0 0
22 92 0 -1
22 90 0 0
22 89 0 0
22 88 0 0
22 87 0 0
22 86 0 0
22 85 0 0
22 84 0 -5
22 83 0 -251
21 83 0 -253
23 92 0 -2
23 93 0 -31
23 94 0 -253
24 94 0 -252
25 94 0 -252
25 95 0 -252
26 95 0 -251
26 96 0 -254
17 95 0 -216
17 96 0 -254
18 95 0 -239
16 96 0 -211
16 97 0 -254
73 92 0 -238
73 93 0 -241
73 91 0 -243
73 90 0 -243
73 89 0 -253
73 88 0 -253
73 87 0 -254
73 86 0 -254
73 85 0 -254
73 84 0 -254
73 83 0 -254
73 82 0 -254
73 81 0 -254
73 80 0 -254
73 79 0 -254
73 78 0 -254
73 77 0 -254
73 76 0 -254
73 75 0 -254
73 74 0 -254
73 73 0 -250
73 72 0 -250
73 71 0 -249
73 70 0 -249
73 69 0 -251
73 68 0 -251
73 67 0 -253
73 66 0 -253
73 65 0 -254
73 64 0 -254
73 63 0 -254
73 94 0 -250
73 95 0 -250
73 96 0 -253
73 97 0 -253
73 98 0 -254
15 98 0 -236
16 98 0 -159
15 99 0 -232
15 100 0 -254
0 104 0 0
0 105 0 -25
0 103 0 0
0 102 0 0
0 101 0 0
0 100 0 0
0 99 0 0
0 98 0 -14
0 97 0 -198
0 96 0 -241
0 95 0 -249
1 95 0 -251
0 106 0 -231
38 105 0 0
38 106 0 -1
38 104 0 0
38 103 0 0
38 102 0 0
38 101 0 0
38 100 0 0
38 99 0 0
38 98 0 0
38 97 0 0
38 96 0 0
38 95 0 0
38 94 0 -43
39 106 0 -4
40 106 0 -23
41 106 0 -58
42 106 0 -89
43 106 0 -121
43 107 0 -210
44 107 0 -253
36 113 0 -253
37 113 0 -248
36 114 0 -254
37 112 0 -254
47 119 0 -176
47 120 0 -228
48 119 0 -254
49 119 0 -251
49 118 0 -254
39 118 0 -248
39 119 0 -254
38 118 0 -254
38 117 0 -251
37 117 0 -251
37 116 0 -251
37 115 0 -254
36 115 0 -252
18 117 0 0
18 118 0 -1
18 116 0 0
18 115 0 0
18 114 0 0
18 113 0 0
18 112 0 0
18 111 0 0
18 110 0 0
18 109 0 -35
18 108 0 -239
18 107 0 -245
17 107 0 -251
17 106 0 -249
16 106 0 -251
16 105 0 -252
19 118 0 -34
19 119 0 -241
20 119 0 -247
22 120 0 -231
23 120 0 -246
22 119 0 -242
21 119 0 -247
24 120 0 -252
25 120 0 -252
25 121 0 -252
26 121 0 -251
26 122 0 -251
27 122 0 -254
18 5 0 -117
18 6 0 -250
19 6 0 -246
20 6 0 -245
48 8 0 -209
49 8 0 -254
48 7 0 -245
47 7 0 -244
22 6 0 -205
23 6 0 -210
21 6 0 -214
24 6 0 -251
121 0 0 0
122 0 0 -41
120 0 0 0
119 0 0 0
118 0 0 0
117 0 0 0
116 0 0 0
115 0 0 0
114 0 0 0
113 0 0 0
112 0 0 0
111 0 0 0
110 0 0 0
109 0 0 0
108 0 0 0
107 0 0 0
106 0 0 0
105 0 0 0
104 0 0 0
103 0 0 0
102 0 0 0
101 0 0 0
100 0 0 0
99 0 0 0
98 0 0 0
97 0 0 0
96 0 0 0
95 0 0 0
94 0 0 0
93 0 0 0
92 0 0 0
91 0 0 0
90 0 0 0
89 0 0 0
88 0 0 0
87 0 0 0
86 0 0 0
85 0 0 0
84 0 0 0
83 0 0 0
82 0 0 0
81 0 0 0
80 0 0 0
79 0 0 0
78 0 0 0
77 0 0 0
76 0 0 0
75 0 0 0
74 0 0 -3
123 0 0 -98
124 0 0 -248
6 14 0 -220
7 14 0 -249
7 13 0 -254
7 12 0 -254
124 13 0 -245
124 14 0 -252
124 12 0 -248
124 11 0 -248
124 10 0 -246
124 9 0 -250
124 8 0 -253
124 7 0 -253
124 15 0 -253
3 17 0 -154
3 18 0 -253
22 32 0 -240
23 32 0 -245
24 32 0 -245
48 32 0 -241
48 33 0 -252
47 32 0 -253
49 33 0 -254
6 39 0 -252
7 39 0 -195
7 38 0 -251
7 37 0 -253
40 43 0 -231
18 55 0 -203
27 53 0 -247
28 53 0 -220
27 54 0 -253
28 52 0 -241
28 51 0 -252
20 57 0 -253
40 57 0 -241
41 57 0 -213
41 56 0 -242
25 55 0 -244
25 56 0 -250
26 55 0 -253
26 54 0 -251
24 56 0 -250
24 57 0 -250
23 57 0 -252
22 57 0 -252
21 57 0 -253
37 62 0 -229
37 61 0 -251
37 60 0 -252
37 59 0 -249
38 59 0 -253
38 58 0 -253
124 45 0 -225
124 46 0 -244
124 44 0 -232
124 43 0 -236
124 42 0 -238
124 41 0 -249
124 40 0 -251
124 39 0 -252
124 47 0 -250
124 48 0 -250
124 49 0 -250
124 50 0 -251
124 51 0 -252
124 52 0 -249
124 53 0 -248
124 54 0 -251
124 55 0 -251
124 56 0 -251
124 57 0 -252
124 58 0 -250
124 59 0 -251
124 60 0 -249
124 61 0 -247
124 62 0 -249
124 63 0 -253
39 68 0 -240
39 69 0 -248
38 68 0 -251
40 69 0 -254
0 53 0 0
0 54 0 -5
0 52 0 0
0 51 0 0
0 50 0 0
0 49 0 0
0 48 0 0
0 47 0 -30
0 46 0 -236
0 45 0 -245
0 55 0 -154
0 56 0 -246
1 56 0 -251
18 81 0 -188
18 82 0 -251
19 82 0 -252
20 82 0 -253
26 71 0 -244
27 71 0 -253
26 70 0 -251
124 71 0 -232
124 72 0 -246
124 70 0 -244
124 69 0 -246
124 68 0 -250
124 67 0 -251
124 66 0 -250
124 65 0 -247
124 64 0 -250
124 73 0 -247
124 74 0 -251
124 75 0 -251
124 76 0 -252
124 77 0 -252
124 78 0 -250
124 79 0 -253
4 94 0 -147
4 93 0 -252
23 82 0 -206
23 83 0 -249
24 82 0 -252
20 83 0 -246
5 83 0 -163
5 84 0 -253
4 83 0 -231
27 98 0 -218
28 98 0 -250
27 97 0 -254
27 96 0 -254
28 99 0 -250
28 100 0 -252
38 108 0 -184
38 109 0 -249
39 108 0 -245
47 107 0 -217
47 108 0 -251
46 107 0 -241
45 107 0 -253
48 108 0 -253
16 121 0 -239
16 122 0 -254
17 121 0 -253
40 119 0 -220
40 120 0 -250
41 120 0 -251
41 121 0 -251
42 121 0 -252
43 121 0 -252
44 121 0 -253
4 8 0 -215
5 8 0 -252
4 7 0 -232
3 7 0 -240
3 6 0 -252
2 6 0 -252
7 10 0 -223
7 11 0 -252
6 10 0 -252
6 9 0 -248
5 9 0 -252
43 5 0 -230
44 5 0 -236
42 5 0 -232
41 5 0 -238
41 6 0 -242
40 6 0 -248
50 11 0 -242
50 10 0 -246
50 9 0 -245
49 9 0 -254
28 22 0 -235
28 23 0 -246
27 22 0 -244
27 21 0 -254
26 21 0 -253
26 20 0 -254
28 24 0 -252
17 31 0 -217
5 40 0 -202
5 41 0 -240
6 40 0 -245
5 42 0 -238
4 42 0 -252
4 43 0 -252
3 43 0 -253
124 37 0 -231
124 38 0 -248
124 36 0 -232
125 36 0 -235
125 35 0 -242
125 34 0 -242
125 33 0 -248
125 32 0 -246
125 31 0 -248
124 31 0 -250
124 30 0 -250
124 29 0 -250
124 28 0 -251
124 27 0 -250
124 26 0 -249
124 25 0 -249
124 24 0 -252
124 23 0 -253
124 22 0 -251
124 21 0 -253
124 20 0 -252
124 19 0 -253
124 18 0 -252
124 17 0 -250
124 16 0 -252
50 39 0 -245
51 39 0 -206
50 40 0 -248
50 41 0 -249
51 38 0 -240
51 37 0 -242
47 43 0 -230
47 44 0 -249
27 47 0 -227
28 47 0 -238
27 46 0 -250
28 48 0 -253
15 51 0 -234
15 52 0 -254
15 50 0 -243
15 49 0 -252
15 48 0 -252
15 47 0 -251
16 47 0 -249
16 46 0 -252
17 46 0 -247
28 49 0 -244
29 49 0 -252
28 50 0 -239
48 57 0 -238
47 57 0 -252
6 64 0 -238
7 64 0 -162
6 65 0 -245
7 63 0 -238
7 62 0 -247
6 62 0 -250
6 61 0 -249
6 60 0 -246
5 60 0 -245
5 59 0 -252
3 69 0 -188
3 68 0 -252
47 69 0 -252
48 69 0 -223
48 68 0 -238
49 68 0 -253
28 72 0 -241
28 73 0 -247
27 72 0 -253
28 74 0 -242
28 75 0 -242
28 76 0 -251
28 77 0 -251
28 78 0 -252
25 81 0 -238
26 81 0 -235
25 82 0 -238
26 80 0 -244
27 80 0 -250
27 79 0 -251
28 79 0 -246
50 84 0 -157
50 85 0 -252
49 84 0 -251
36 90 0 -236
37 90 0 -251
36 89 0 -254
36 88 0 -254
37 91 0 -252
7 86 0 -148
7 87 0 -237
6 86 0 -215
6 85 0 -252
5 85 0 -252
7 88 0 -235
7 89 0 -239
7 90 0 -249
28 102 0 -231
28 103 0 -253
28 101 0 -248
16 104 0 -208
15 104 0 -244
15 103 0 -253
15 102 0 -253
15 101 0 -254
4 109 0 -223
5 109 0 -250
4 108 0 -234
3 108 0 -252
19 108 0 -241
20 108 0 -251
21 108 0 -252
7 111 0 -227
7 112 0 -254
6 111 0 -252
49 110 0 -172
50 110 0 -243
49 109 0 -253
48 109 0 -253
50 111 0 -247
50 112 0 -252
26 4 0 -222
26 5 0 -235
27 4 0 -246
27 3 0 -253
25 5 0 -239
25 6 0 -244
4 32 0 -222
4 33 0 -250
3 32 0 -254
23 43 0 -237
23 44 0 -241
24 44 0 -251
25 44 0 -252
20 44 0 -234
20 43 0 -246
25 45 0 -228
26 45 0 -251
4 59 0 -221
4 58 0 -222
3 58 0 -233
3 57 0 -245
2 57 0 -250
41 81 0 -170
41 82 0 -246
42 81 0 -204
40 82 0 -250
38 83 0 -228
38 84 0 -249
39 83 0 -251
48 82 0 -179
48 83 0 -248
47 82 0 -251
124 85 0 -239
124 86 0 -249
124 84 0 -243
124 83 0 -247
124 82 0 -248
124 81 0 -250
124 80 0 -250
124 87 0 -251
5 93 0 -235
5 92 0 -251
22 108 0 -240
23 108 0 -242
24 108 0 -249
24 107 0 -251
124 105 0 -217
124 106 0 -233
124 104 0 -231
124 103 0 -240
124 102 0 -241
124 101 0 -239
124 100 0 -244
124 99 0 -246
124 107 0 -239
124 108 0 -239
124 109 0 -236
124 110 0 -245
124 111 0 -249
124 112 0 -249
124 113 0 -249
124 114 0 -247
124 115 0 -251
6 116 0 -247
7 116 0 -154
7 115 0 -253
7 114 0 -254
7 113 0 -254
4 118 0 -193
4 119 0 -251
5 118 0 -251
28 123 0 -244
28 124 0 -251
27 123 0 -254
25 20 0 -237
25 19 0 -245
24 19 0 -245
23 19 0 -243
23 18 0 -244
28 27 0 -227
28 28 0 -250
29 27 0 -231
29 26 0 -249
29 25 0 -249
28 25 0 -249
27 45 0 -229
1 57 0 -239
39 82 0 -233
50 87 0 -232
50 88 0 -249
50 86 0 -250
5 110 0 -230
6 110 0 -251
124 117 0 -241
124 118 0 -249
124 116 0 -250
124 119 0 -249
124 120 0 -250
0 5 0 -239
1 5 0 -248
18 19 0 -249
19 19 0 -230
19 18 0 -248
2 31 0 -225
2 32 0 -253
49 41 0 -238
45 44 0 -238
45 45 0 -246
46 44 0 -246
44 45 0 -250
43 45 0 -253
42 45 0 -253
42 44 0 -253
41 70 0 -232
42 70 0 -246
41 69 0 -254
37 84 0 -230
6 92 0 -179
6 91 0 -243
124 89 0 -222
124 90 0 -241
124 88 0 -239
124 91 0 -249
48 94 0 -202
48 93 0 -249
49 93 0 -254
37 110 0 -250
38 110 0 -206
37 111 0 -251
50 113 0 -228
51 113 0 -247
51 114 0 -249
50 116 0 -248
51 116 0 -213
50 117 0 -249
51 115 0 -248
124 1 0 -240
124 2 0 -245
124 3 0 -251
124 4 0 -250
124 5 0 -249
124 6 0 -251
2 5 0 -242
38 7 0 -232
38 8 0 -252
39 7 0 -238
39 6 0 -240
27 29 0 -248
28 29 0 -240
43 31 0 -225
42 31 0 -225
41 31 0 -248
38 33 0 -248
39 33 0 -241
39 32 0 -248
40 32 0 -245
41 32 0 -244
46 81 0 -233
46 82 0 -250
45 81 0 -248
49 83 0 -240
25 107 0 -251
26 107 0 -220
26 106 0 -248
17 19 0 -156
17 20 0 -247
15 22 0 -250
16 22 0 -211
15 23 0 -253
16 21 0 -247
36 35 0 -236
37 35 0 -246
37 34 0 -247
5 117 0 -250
6 117 0 -239
17 120 0 -237
18 120 0 -246
19 120 0 -246
3 119 0 -233
3 120 0 -247
37 9 0 -246
38 9 0 -176
14 51 0 -246
43 70 0 -237
124 97 0 -225
124 98 0 -238
124 96 0 -237
124 95 0 -241
124 94 0 -243
1 44 0 -182
2 44 0 -248
0 44 0 -244
3 44 0 -247
5 66 0 -247
6 66 0 -235
5 67 0 -250
4 67 0 -249
4 68 0 -245
21 94 0 -238
22 94 0 -253
20 94 0 -245
40 108 0 -206
40 107 0 -223
46 19 0 -236
45 19 0 -252
44 19 0 -252
43 19 0 -252
42 19 0 -252
27 30 0 -237
7 91 0 -181
124 93 0 -236
124 92 0 -245
15 123 0 -200
15 124 0 -243
16 123 0 -254
1 19 0 -219
2 19 0 -253
2 18 0 -252
51 36 0 -218
50 36 0 -247
50 35 0 -254
50 34 0 -250
49 34 0 -251
2 81 0 -201
2 82 0 -253
1 81 0 -221
0 81 0 -234
1 121 0 -242
2 121 0 -220
0 121 0 -242
2 120 0 -238
15 1 0 -230
15 2 0 -246
15 3 0 -247
16 3 0 -248
39 57 0 -222
39 58 0 -253
28 1 0 -205
28 2 0 -249
28 0 0 -209
28 3 0 -245
19 95 0 -233
19 94 0 -243
16 71 0 -248
17 71 0 -228
16 72 0 -251
15 72 0 -250
15 73 0 -249
15 74 0 -254
17 70 0 -238
2 108 0 -173
2 107 0 -238
15 126 0 -231
15 127 0 -237
15 125 0 -241
29 125 0 -194
29 126 0 -229
28 125 0 -250
29 127 0 -236
46 31 0 -228
46 32 0 -252
45 31 0 -234
124 126 0 -190
124 127 0 -234
124 125 0 -197
124 124 0 -219
124 123 0 -231
124 122 0 -236
124 121 0 -248
3 83 0 -219
3 82 0 -253
0 107 0 -203
1 107 0 -235
18 70 0 -221
19 70 0 -185
46 120 0 -204
46 121 0 -207
45 121 0 -253
41 107 0 -206
42 107 0 -209
46 57 0 -171
46 56 0 -250
45 56 0 -253
49 117 0 -159
38 34 0 -156
16 20 0 -154
27 105 0 -235
28 105 0 -154
27 106 0 -240
28 104 0 -244
36 10 0 -143
36 11 0 -243
37 10 0 -238
0 124 0 -14
0 125 0 -26
0 123 0 -184
0 122 0 -234
0 126 0 -66
0 127 0 -123
16 79 0 -110
15 79 0 -251
15 78 0 -251
15 77 0 -254
15 76 0 -254
15 75 0 -253
16 53 0 -105
15 53 0 -254
126 0 0 -32
127 0 0 -101
125 0 0 -232
38 91 0 -78
59 0 0 0
60 0 0 -1
58 0 0 0
57 0 0 0
56 0 0 0
55 0 0 0
54 0 0 0
53 0 0 0
52 0 0 0
51 0 0 0
50 0 0 0
49 0 0 0
48 0 0 0
47 0 0 0
46 0 0 0
45 0 0 0
44 0 0 0
43 0 0 0
42 0 0 0
41 0 0 0
40 0 0 0
61 0 0 -8
36 126 0 0
36 127 0 -1
36 125 0 0
36 124 0 0
36 123 0 0
36 122 0 0
36 121 0 0
36 120 0 0
36 119 0 0
36 118 0 0
36 117 0 -8
36 116 0 -209
37 127 0 -1
38 127 0 -6
39 127 0 -5
40 127 0 -9
41 127 0 -4
42 127 0 -14
41 123 0 -4
41 124 0 -12
41 122 0 -7
56 126 0 0
56 127 0 -2
56 125 0 0
56 124 0 0
56 123 0 0
56 122 0 0
56 121 0 0
56 120 0 0
56 119 0 0
56 118 0 0
56 117 0 0
56 116 0 0
56 115 0 0
56 114 0 0
56 113 0 0
56 112 0 0
56 111 0 0
56 110 0 0
56 109 0 0
56 108 0 0
56 107 0 0
56 106 0 0
56 105 0 0
56 104 0 0
56 103 0 0
56 102 0 0
56 101 0 0
56 100 0 0
56 99 0 0
56 98 0 0
56 97 0 0
56 96 0 0
56 95 0 0
56 94 0 0
56 93 0 0
56 92 0 0
56 91 0 0
56 90 0 0
56 89 0 0
56 88 0 0
56 87 0 0
56 86 0 0
56 85 0 0
56 84 0 0
56 83 0 0
56 82 0 0
56 81 0 0
56 80 0 0
56 79 0 0
56 78 0 0
56 77 0 0
56 76 0 0
56 75 0 0
56 74 0 0
56 73 0 0
56 72 0 0
56 71 0 0
56 70 0 0
56 69 0 0
56 68 0 0
56 67 0 0
56 66 0 0
56 65 0 0
56 64 0 0
56 63 0 0
56 62 0 0
56 61 0 0
56 60 0 0
56 59 0 0
56 58 0 0
56 57 0 0
56 56 0 0
56 55 0 0
56 54 0 0
56 53 0 0
56 52 0 0
56 51 0 0
56 50 0 0
56 49 0 0
56 48 0 0
56 47 0 0
56 46 0 0
56 45 0 0
56 44 0 0
56 43 0 0
56 42 0 0
56 41 0 0
56 40 0 0
56 39 0 0
56 38 0 0
56 37 0 0
56 36 0 0
56 35 0 0
56 34 0 0
56 33 0 0
56 32 0 0
56 31 0 0
56 30 0 0
56 29 0 0
56 28 0 0
56 27 0 0
56 26 0 0
56 25 0 0
56 24 0 0
56 23 0 0
56 22 0 0
56 21 0 0
56 20 0 0
56 19 0 0
56 18 0 0
56 17 0 0
56 16 0 0
56 15 0 0
56 14 0 0
56 13 0 0
56 12 0 0
56 11 0 0
56 10 0 0
56 9 0 0
56 8 0 0
56 7 0 0
56 6 0 0
56 5 0 0
56 4 0 0
56 3 0 0
56 2 0 0
56 1 0 0
57 127 0 -9
59 127 0 -1
60 127 0 -8
58 127 0 -5
