0 94 0 0
0 95 0 -2
0 93 0 0
0 92 0 0
0 91 0 0
0 90 0 0
0 89 0 -11
0 88 0 -173
0 87 0 -241
0 96 0 -2
0 97 0 -1
0 98 0 -1
0 99 0 -24
0 100 0 -59
1 100 0 -147
2 100 0 -214
3 100 0 -236
4 100 0 -242
68 46 0 -4
69 46 0 -6
68 45 0 -71
68 44 0 -87
69 47 0 -5
70 47 0 -6
70 48 0 -26
71 48 0 -37
71 49 0 -62
71 59 0 -2
71 60 0 -33
72 59 0 -2
72 58 0 -5
72 57 0 -7
72 56 0 -24
72 55 0 -164
72 54 0 -220
73 54 0 -233
73 53 0 -231
74 53 0 -250
71 61 0 -89
71 62 0 -102
16 52 0 0
16 53 0 -1
16 51 0 0
16 50 0 0
16 49 0 0
16 48 0 0
16 47 0 0
16 46 0 0
16 45 0 0
16 44 0 0
16 43 0 0
16 42 0 0
16 41 0 0
16 40 0 0
16 39 0 0
16 38 0 0
16 37 0 0
16 36 0 0
16 35 0 0
16 34 0 0
16 33 0 0
16 32 0 0
16 31 0 0
16 30 0 0
16 29 0 0
16 28 0 0
16 27 0 0
16 26 0 0
16 25 0 0
16 24 0 0
16 23 0 0
16 22 0 0
16 21 0 0
16 20 0 0
16 19 0 0
16 18 0 0
16 17 0 0
16 16 0 0
16 15 0 0
16 14 0 0
16 13 0 0
16 12 0 0
16 11 0 0
16 10 0 0
16 9 0 0
16 8 0 0
16 7 0 0
16 6 0 0
16 5 0 0
16 4 0 0
16 3 0 0
16 2 0 0
16 1 0 0
16 0 0 0
17 0 0 -1
18 0 0 -5
18 1 0 -2
18 2 0 -14
18 3 0 -138
18 4 0 -225
18 5 0 -241
18 6 0 -242
17 53 0 -25
17 54 0 -139
18 54 0 -142
18 55 0 -181
18 56 0 -231
69 38 0 -252
70 38 0 -209
69 39 0 -253
68 39 0 -253
70 37 0 -252
54 67 0 0
54 68 0 -1
54 66 0 0
54 65 0 0
54 64 0 0
54 63 0 0
54 62 0 -1
54 61 0 -7
54 60 0 -50
54 59 0 -144
55 59 0 -143
55 60 0 -165
56 60 0 -190
54 69 0 -5
55 69 0 -6
55 70 0 -21
55 71 0 -22
54 71 0 -34
21 105 0 -12
21 106 0 -62
22 105 0 -68
20 106 0 -238
19 106 0 -247
18 106 0 -252
32 19 0 0
32 20 0 -20
32 18 0 0
32 17 0 0
32 16 0 0
32 15 0 0
32 14 0 0
32 13 0 0
32 12 0 0
32 11 0 0
32 10 0 0
32 9 0 0
32 8 0 0
32 7 0 0
32 6 0 0
32 5 0 0
32 4 0 0
32 3 0 0
32 2 0 0
32 1 0 0
32 0 0 0
31 0 0 0
30 0 0 0
29 0 0 0
28 0 0 0
27 0 0 0
26 0 0 0
25 0 0 0
24 0 0 0
23 0 0 0
22 0 0 0
21 0 0 0
20 0 0 0
19 0 0 -3
32 21 0 -26
31 21 0 -54
31 22 0 -197
87 36 0 0
87 37 0 -3
87 35 0 0
87 34 0 0
87 33 0 0
87 32 0 0
87 31 0 0
87 30 0 0
87 29 0 0
87 28 0 0
87 27 0 0
87 26 0 0
87 25 0 0
87 24 0 0
87 23 0 0
87 22 0 0
87 21 0 0
87 20 0 0
87 19 0 0
87 18 0 0
87 17 0 -2
86 17 0 -2
85 17 0 -1
84 17 0 -64
83 17 0 -127
83 18 0 -165
87 38 0 -44
88 38 0 -172
89 38 0 -198
89 39 0 -251
42 85 0 0
42 86 0 -1
42 84 0 0
42 83 0 0
42 82 0 0
42 81 0 0
42 80 0 -3
42 79 0 -40
42 78 0 -189
42 77 0 -245
42 76 0 -245
41 76 0 -245
42 87 0 -5
43 87 0 -5
44 87 0 -5
44 88 0 -8
44 89 0 -15
45 89 0 -47
46 89 0 -251
75 49 0 -134
75 50 0 -204
75 48 0 -228
75 47 0 -246
75 46 0 -253
75 45 0 -254
75 51 0 -238
75 52 0 -242
74 52 0 -246
35 38 0 -84
36 38 0 -178
35 37 0 -125
34 37 0 -236
36 39 0 -183
43 47 0 -27
44 47 0 -42
43 46 0 -150
44 48 0 -61
45 48 0 -87
45 49 0 -217
30 31 0 -145
30 32 0 -209
29 31 0 -192
29 30 0 -249
29 29 0 -249
75 44 0 -75
76 44 0 -246
32 34 0 -177
32 35 0 -244
31 34 0 -246
76 41 0 -136
76 42 0 -205
76 40 0 -214
76 39 0 -240
76 38 0 -248
76 37 0 -248
76 43 0 -238
94 44 0 0
94 45 0 -2
94 43 0 0
94 42 0 -2
94 41 0 -4
94 40 0 -44
93 40 0 -164
94 46 0 -3
93 46 0 -8
92 46 0 -16
92 47 0 -139
91 47 0 -196
91 48 0 -240
90 48 0 -243
90 49 0 -246
96 48 0 -212
97 48 0 -215
95 48 0 -226
94 48 0 -240
93 48 0 -243
92 48 0 -245
98 48 0 -238
99 48 0 -245
24 85 0 -1
25 85 0 -2
23 85 0 -1
22 85 0 -1
21 85 0 -1
20 85 0 -1
20 84 0 -1
20 83 0 -1
20 82 0 -3
21 82 0 -6
21 81 0 -10
21 80 0 -43
22 80 0 -39
22 79 0 -153
22 78 0 -200
26 85 0 -5
26 86 0 -51
27 86 0 -67
28 86 0 -93
28 87 0 -173
57 78 0 -3
58 78 0 -4
57 77 0 -4
57 76 0 -7
57 75 0 -7
57 74 0 -9
56 74 0 -17
55 74 0 -26
54 74 0 -22
54 73 0 -47
58 79 0 -22
58 80 0 -31
58 81 0 -156
58 82 0 -224
58 83 0 -245
57 84 0 -204
57 85 0 -245
58 84 0 -239
56 87 0 -171
56 88 0 -219
57 87 0 -206
57 86 0 -242
56 89 0 -228
13 117 0 0
13 118 0 -9
13 116 0 0
13 115 0 0
13 114 0 0
13 113 0 0
13 112 0 0
13 111 0 0
13 110 0 0
13 109 0 0
13 108 0 0
13 107 0 0
13 106 0 0
13 105 0 0
13 104 0 0
13 103 0 -221
14 118 0 -39
61 16 0 -1
61 17 0 -20
62 16 0 -1
62 15 0 -116
60 17 0 -35
60 18 0 -154
59 18 0 -244
33 35 0 -193
33 36 0 -248
35 74 0 -212
35 75 0 -219
36 74 0 -227
37 74 0 -239
38 74 0 -241
34 75 0 -232
33 75 0 -237
32 75 0 -240
71 67 0 -3
71 68 0 -8
71 66 0 -3
71 65 0 -4
71 64 0 -10
71 63 0 -50
72 68 0 -14
72 69 0 -70
72 70 0 -173
72 71 0 -218
73 71 0 -226
73 72 0 -229
78 92 0 0
78 93 0 -2
78 91 0 0
78 90 0 0
78 89 0 0
78 88 0 0
78 87 0 0
78 86 0 0
78 85 0 0
78 84 0 0
78 83 0 0
78 82 0 0
78 81 0 0
78 80 0 0
78 79 0 0
78 78 0 0
78 77 0 0
78 76 0 -3
78 75 0 -90
78 74 0 -179
77 74 0 -182
79 93 0 -10
79 94 0 -112
79 95 0 -201
80 95 0 -235
37 53 0 0
37 54 0 -3
37 52 0 0
37 51 0 0
37 50 0 0
37 49 0 0
37 48 0 0
37 47 0 0
37 46 0 0
37 45 0 0
37 44 0 0
37 43 0 0
37 42 0 -43
37 55 0 -1
38 55 0 -5
38 56 0 -68
38 57 0 -121
38 58 0 -192
38 59 0 -234
38 60 0 -241
39 60 0 -243
26 93 0 -79
26 94 0 -166
26 92 0 -142
26 91 0 -217
26 90 0 -240
26 89 0 -243
26 95 0 -229
26 96 0 -248
26 97 0 -251
26 98 0 -252
64 3 0 0
64 4 0 -4
64 2 0 0
64 1 0 0
64 0 0 0
63 0 0 0
62 0 0 0
61 0 0 0
60 0 0 0
59 0 0 0
58 0 0 0
57 0 0 0
56 0 0 0
55 0 0 0
54 0 0 0
53 0 0 0
52 0 0 0
51 0 0 0
50 0 0 0
49 0 0 0
48 0 0 0
47 0 0 0
46 0 0 0
45 0 0 0
44 0 0 0
43 0 0 0
42 0 0 0
41 0 0 0
40 0 0 0
39 0 0 -2
39 1 0 -1
39 2 0 -2
39 3 0 -6
40 3 0 -8
40 4 0 -18
64 5 0 -8
64 6 0 -11
65 6 0 -34
45 54 0 -217
46 54 0 -242
45 53 0 -247
45 52 0 -249
8 99 0 -59
9 99 0 -127
7 99 0 -85
7 100 0 -148
6 100 0 -228
5 100 0 -236
9 100 0 -254
72 53 0 -193
71 53 0 -226
39 74 0 -231
39 75 0 -233
40 75 0 -237
41 75 0 -240
42 75 0 -242
104 80 0 -183
104 81 0 -197
103 80 0 -241
105 81 0 -206
12 71 0 0
12 72 0 -1
12 70 0 0
12 69 0 0
12 68 0 0
12 67 0 0
12 66 0 0
12 65 0 0
12 64 0 0
12 63 0 0
12 62 0 0
12 61 0 0
12 60 0 0
12 59 0 0
12 58 0 0
12 57 0 0
12 56 0 0
12 55 0 0
12 54 0 0
12 53 0 0
12 52 0 0
12 51 0 0
12 50 0 0
12 49 0 0
12 48 0 0
12 47 0 0
12 46 0 0
12 45 0 0
12 44 0 0
12 43 0 0
12 42 0 0
12 41 0 0
12 40 0 0
12 39 0 0
12 38 0 0
12 37 0 0
12 36 0 0
12 35 0 0
12 34 0 0
12 33 0 0
12 32 0 0
12 31 0 0
12 30 0 0
12 29 0 0
12 28 0 0
12 27 0 0
12 26 0 0
12 25 0 0
12 24 0 0
12 23 0 0
12 22 0 0
12 21 0 0
12 20 0 0
12 19 0 0
12 18 0 0
12 17 0 -9
11 17 0 -4
11 18 0 -21
13 72 0 -3
13 73 0 -77
12 73 0 -199
64 41 0 -181
65 41 0 -196
63 41 0 -215
62 41 0 -231
62 40 0 -240
66 41 0 -222
67 41 0 -250
67 40 0 -250
68 40 0 -251
31 75 0 -234
31 74 0 -235
30 74 0 -238
29 74 0 -244
26 75 0 -181
27 75 0 -202
25 75 0 -206
24 75 0 -232
24 76 0 -238
23 76 0 -240
28 75 0 -218
28 74 0 -218
10 101 0 -23
11 101 0 -239
10 100 0 -164
0 84 0 -1
0 85 0 -3
0 83 0 -2
0 82 0 -2
0 81 0 -26
1 81 0 -78
2 81 0 -156
2 80 0 -157
0 86 0 -144
102 80 0 -225
102 79 0 -237
35 96 0 0
35 97 0 -1
35 95 0 0
35 94 0 0
35 93 0 0
35 92 0 0
35 91 0 0
35 90 0 0
35 89 0 0
35 88 0 0
35 87 0 0
35 86 0 0
35 85 0 0
35 84 0 0
35 83 0 0
35 82 0 0
35 81 0 0
35 80 0 0
35 79 0 0
35 78 0 0
35 77 0 -14
35 76 0 -120
35 98 0 -1
34 98 0 -1
33 98 0 -1
32 98 0 -1
32 99 0 -8
32 100 0 -31
33 100 0 -44
34 36 0 -116
100 79 0 -199
101 79 0 -234
99 79 0 -204
99 78 0 -234
99 77 0 -236
47 59 0 -189
48 59 0 -235
47 58 0 -197
47 57 0 -230
82 111 0 -9
82 112 0 -24
82 110 0 -23
82 109 0 -50
82 108 0 -94
82 107 0 -139
82 106 0 -146
82 105 0 -205
82 104 0 -209
82 113 0 -93
82 114 0 -202
82 115 0 -244
100 89 0 0
100 90 0 -1
100 88 0 0
100 87 0 0
100 86 0 0
100 85 0 0
100 84 0 0
100 83 0 0
100 82 0 -3
100 81 0 -47
100 80 0 -100
100 91 0 -52
101 91 0 -61
101 92 0 -165
115 37 0 0
115 38 0 -1
115 36 0 0
115 35 0 0
115 34 0 0
115 33 0 0
115 32 0 0
115 31 0 0
115 30 0 0
115 29 0 0
115 28 0 0
115 27 0 0
115 26 0 0
115 25 0 0
115 24 0 0
115 23 0 0
115 22 0 0
115 21 0 0
115 20 0 0
115 19 0 0
115 18 0 0
115 17 0 0
115 16 0 0
115 15 0 0
115 14 0 0
115 13 0 0
115 12 0 0
115 11 0 0
115 10 0 0
115 9 0 0
115 8 0 0
115 7 0 0
115 6 0 0
115 5 0 0
115 4 0 0
115 3 0 0
115 2 0 0
115 1 0 0
115 0 0 0
114 0 0 0
113 0 0 0
112 0 0 0
111 0 0 0
110 0 0 0
109 0 0 0
108 0 0 0
107 0 0 0
106 0 0 0
105 0 0 0
104 0 0 0
103 0 0 0
102 0 0 0
101 0 0 0
100 0 0 0
99 0 0 0
98 0 0 -1
97 0 0 0
96 0 0 -1
95 0 0 -1
94 0 0 -1
93 0 0 -1
92 0 0 -1
91 0 0 -3
90 0 0 -8
89 0 0 -46
88 0 0 -92
87 0 0 -186
116 38 0 -2
116 39 0 -9
117 39 0 -12
117 40 0 -53
117 41 0 -123
117 42 0 -138
116 42 0 -210
116 43 0 -217
115 43 0 -234
23 121 0 -128
24 121 0 -214
23 120 0 -185
22 120 0 -239
21 120 0 -245
25 121 0 -232
18 57 0 -208
18 58 0 -243
18 59 0 -252
18 60 0 -253
47 55 0 -208
47 56 0 -221
46 55 0 -241
90 66 0 -4
91 66 0 -5
89 66 0 -5
88 66 0 -7
87 66 0 -8
87 67 0 -79
92 66 0 -5
93 66 0 -23
94 66 0 -49
95 66 0 -87
95 67 0 -119
57 89 0 -221
57 90 0 -245
70 53 0 -196
70 52 0 -214
69 52 0 -231
68 52 0 -241
81 98 0 -116
82 98 0 -125
81 97 0 -195
82 99 0 -201
82 100 0 -222
14 104 0 -1
15 104 0 -160
14 103 0 -46
110 81 0 -145
111 81 0 -154
109 81 0 -158
109 82 0 -223
108 82 0 -244
112 81 0 -186
113 81 0 -220
77 37 0 -191
77 36 0 -218
45 50 0 -76
45 51 0 -201
46 74 0 -125
47 74 0 -149
45 74 0 -149
44 74 0 -174
43 74 0 -198
43 75 0 -228
48 74 0 -202
49 74 0 -206
49 75 0 -211
48 75 0 -216
45 90 0 -206
45 91 0 -215
46 90 0 -250
45 75 0 -128
46 75 0 -212
30 33 0 -177
31 33 0 -244
82 102 0 -203
82 103 0 -204
82 101 0 -209
106 81 0 -191
106 82 0 -227
107 82 0 -239
81 115 0 -164
81 116 0 -202
17 105 0 -93
17 106 0 -231
16 105 0 -201
23 78 0 -153
23 77 0 -237
46 49 0 -140
47 49 0 -199
10 74 0 -217
11 74 0 -145
9 74 0 -237
11 73 0 -145
73 73 0 -192
74 73 0 -198
30 23 0 -122
30 24 0 -184
31 23 0 -165
104 93 0 -114
104 94 0 -203
103 93 0 -197
105 94 0 -200
105 95 0 -235
81 96 0 -159
80 96 0 -224
30 121 0 -41
30 122 0 -49
29 121 0 -93
31 122 0 -157
32 122 0 -194
52 60 0 -18
53 60 0 -51
51 60 0 -21
51 59 0 -60
50 59 0 -148
49 59 0 -170
53 59 0 -107
39 40 0 -146
39 41 0 -212
38 40 0 -189
40 41 0 -229
41 41 0 -247
41 42 0 -253
82 0 0 0
83 0 0 -5
81 0 0 0
80 0 0 0
79 0 0 0
78 0 0 0
77 0 0 0
76 0 0 0
75 0 0 0
74 0 0 0
73 0 0 0
72 0 0 0
71 0 0 0
70 0 0 0
69 0 0 0
68 0 0 0
67 0 0 0
66 0 0 0
65 0 0 0
84 0 0 -12
85 0 0 -72
86 0 0 -184
29 26 0 -201
30 26 0 -134
29 27 0 -212
29 28 0 -243
30 25 0 -134
37 40 0 -114
37 39 0 -119
74 74 0 -133
75 74 0 -141
76 74 0 -177
106 96 0 -167
107 96 0 -180
106 95 0 -195
27 87 0 -167
26 87 0 -206
26 88 0 -201
41 7 0 0
41 8 0 -1
41 6 0 0
41 5 0 0
41 4 0 0
41 3 0 0
41 2 0 0
41 1 0 0
41 9 0 -12
41 10 0 -19
41 11 0 -15
40 11 0 -167
81 15 0 0
81 16 0 -1
81 14 0 0
81 13 0 0
81 12 0 0
81 11 0 0
81 10 0 0
81 9 0 0
81 8 0 0
81 7 0 0
81 6 0 0
81 5 0 0
81 4 0 0
81 3 0 0
81 2 0 0
81 1 0 0
81 17 0 -52
82 17 0 -123
102 92 0 -152
102 93 0 -191
20 119 0 -140
20 120 0 -228
19 119 0 -165
92 40 0 -155
92 39 0 -212
91 39 0 -242
90 39 0 -250
58 19 0 -161
59 19 0 -144
11 102 0 -1
12 102 0 -161
16 104 0 -2
4 78 0 -1
4 79 0 -8
5 78 0 -9
5 77 0 -4
6 77 0 -40
6 76 0 -59
7 76 0 -106
7 75 0 -196
8 75 0 -231
8 74 0 -228
3 79 0 -19
3 80 0 -155
42 45 0 -128
43 45 0 -143
42 44 0 -162
42 43 0 -233
41 43 0 -238
77 34 0 -2
77 35 0 -153
78 34 0 -10
78 33 0 -39
100 73 0 -11
100 74 0 -27
100 72 0 -14
100 71 0 -15
100 70 0 -17
101 70 0 -40
102 70 0 -40
102 69 0 -38
103 69 0 -45
103 68 0 -53
103 67 0 -60
99 74 0 -22
99 75 0 -44
99 76 0 -185
62 14 0 -4
63 14 0 -31
63 13 0 -92
63 12 0 -159
63 11 0 -177
63 10 0 -177
63 9 0 -180
64 9 0 -251
114 50 0 0
114 51 0 -1
114 49 0 0
114 48 0 0
114 47 0 0
114 46 0 0
114 45 0 -3
114 44 0 -91
114 43 0 -198
114 52 0 -6
113 52 0 -4
113 53 0 -21
112 53 0 -49
112 54 0 -105
47 75 0 -98
47 76 0 -105
45 29 0 0
45 30 0 -1
45 28 0 0
45 27 0 0
45 26 0 0
45 25 0 0
45 24 0 0
45 23 0 0
45 22 0 0
45 21 0 0
45 20 0 0
45 19 0 0
45 18 0 0
45 17 0 0
45 16 0 0
45 15 0 0
45 14 0 0
45 13 0 0
45 12 0 0
45 11 0 0
45 10 0 0
45 9 0 0
45 8 0 0
45 7 0 0
45 6 0 0
45 5 0 0
45 4 0 0
45 3 0 0
45 2 0 0
45 1 0 0
45 31 0 -13
45 32 0 -16
67 63 0 -3
68 63 0 -6
66 63 0 -3
65 63 0 -7
65 62 0 -6
64 62 0 -11
63 62 0 -14
62 62 0 -12
62 61 0 -12
61 61 0 -16
60 61 0 -15
59 61 0 -23
59 60 0 -33
58 60 0 -41
57 60 0 -124
69 63 0 -47
70 63 0 -51
70 62 0 -67
111 55 0 -45
112 55 0 -80
110 55 0 -76
110 56 0 -95
52 74 0 -62
52 75 0 -94
52 73 0 -93
51 74 0 -111
50 74 0 -108
28 121 0 -87
27 121 0 -115
26 121 0 -210
68 43 0 -41
68 42 0 -68
68 41 0 -186
81 71 0 -10
82 71 0 -12
80 71 0 -13
79 71 0 -12
78 71 0 -11
77 71 0 -21
77 72 0 -53
77 73 0 -147
76 73 0 -163
83 71 0 -22
84 71 0 -22
85 71 0 -25
12 119 0 -77
13 119 0 -4
84 2 0 -75
85 2 0 -48
85 1 0 -71
87 55 0 -1
87 56 0 -11
87 54 0 -2
87 53 0 -11
87 52 0 -37
87 51 0 -44
88 51 0 -210
88 50 0 -238
89 50 0 -243
89 49 0 -242
87 57 0 -68
88 57 0 -73
87 58 0 -6
87 59 0 -29
88 59 0 -68
53 74 0 -68
23 105 0 -63
24 105 0 -40
24 104 0 -192
25 104 0 -231
25 103 0 -251
26 103 0 -249
26 102 0 -247
26 101 0 -252
26 100 0 -250
26 99 0 -249
70 51 0 -43
71 51 0 -37
69 51 0 -52
71 50 0 -39
100 69 0 -13
101 69 0 -21
99 69 0 -17
99 68 0 -18
98 68 0 -36
98 67 0 -39
97 67 0 -59
96 67 0 -110
122 82 0 -14
123 82 0 -21
122 81 0 -33
121 81 0 -111
120 81 0 -170
119 81 0 -178
118 81 0 -182
117 81 0 -187
116 81 0 -191
115 81 0 -196
114 81 0 -217
124 82 0 -41
125 82 0 -59
49 21 0 0
49 22 0 -1
49 20 0 0
49 19 0 0
49 18 0 0
49 17 0 0
49 16 0 0
49 15 0 0
49 14 0 0
49 13 0 0
49 12 0 0
49 11 0 0
49 10 0 0
49 9 0 0
49 8 0 0
49 7 0 0
49 6 0 0
49 5 0 0
49 4 0 0
49 3 0 0
49 2 0 0
49 1 0 0
49 23 0 -33
48 23 0 -42
48 24 0 -54
49 24 0 -57
81 30 0 -128
82 30 0 -14
82 29 0 -25
83 29 0 -38
83 30 0 -52
53 73 0 -30
53 72 0 -48
34 101 0 -5
35 101 0 -17
34 100 0 -9
36 101 0 -55
37 101 0 -101
38 101 0 -137
39 101 0 -154
40 101 0 -167
41 101 0 -237
37 41 0 -12
7 19 0 0
7 20 0 -42
7 18 0 0
7 17 0 0
7 16 0 0
7 15 0 0
7 14 0 0
7 13 0 0
7 12 0 0
7 11 0 0
7 10 0 0
7 9 0 0
7 8 0 0
7 7 0 0
7 6 0 0
7 5 0 0
7 4 0 0
7 3 0 0
7 2 0 0
7 1 0 0
7 0 0 0
8 0 0 0
9 0 0 0
10 0 0 0
11 0 0 0
12 0 0 0
13 0 0 0
14 0 0 0
15 0 0 0
98 82 0 -22
98 83 0 -36
98 81 0 -42
98 80 0 -73
98 79 0 -195
98 78 0 -213
98 77 0 -229
98 84 0 -42
79 31 0 -6
79 32 0 -9
80 31 0 -36
80 30 0 -32
78 32 0 -12
17 118 0 -9
17 119 0 -22
16 118 0 -11
15 118 0 -35
18 119 0 -76
78 121 0 0
78 122 0 -1
78 120 0 -1
78 119 0 -5
77 119 0 -15
77 118 0 -18
76 118 0 -20
76 119 0 -27
78 123 0 -2
79 123 0 -3
79 124 0 -7
79 125 0 -15
80 125 0 -35
64 7 0 -126
64 8 0 -240
53 71 0 -21
53 75 0 -26
54 75 0 -32
124 81 0 -35
125 81 0 -10
125 80 0 -30
46 51 0 -28
47 51 0 -48
47 50 0 -147
82 31 0 -27
77 117 0 -2
78 117 0 -2
79 117 0 -4
80 117 0 -23
96 56 0 0
96 57 0 -1
96 55 0 0
96 54 0 0
96 53 0 0
96 52 0 0
96 51 0 0
96 50 0 -17
96 49 0 -176
97 57 0 -3
98 57 0 -6
98 58 0 -26
85 70 0 -18
86 70 0 -47
84 70 0 -20
86 69 0 -46
87 69 0 -49
87 68 0 -69
78 53 0 -18
79 53 0 -24
77 53 0 -28
76 53 0 -187
75 53 0 -242
80 116 0 -12
12 15 0 0
12 16 0 -9
12 14 0 0
12 13 0 0
12 12 0 0
12 11 0 0
12 10 0 0
12 9 0 0
12 8 0 0
12 7 0 0
12 6 0 0
12 5 0 0
12 4 0 0
12 3 0 0
12 2 0 0
12 1 0 0
110 97 0 -8
111 97 0 -11
109 97 0 -20
108 97 0 -59
107 97 0 -123
111 98 0 -13
111 99 0 -21
9 19 0 -19
10 19 0 -2
10 18 0 -14
38 0 0 0
37 0 0 0
36 0 0 0
35 0 0 0
34 0 0 0
33 0 0 0
127 99 0 0
127 100 0 -1
127 98 0 0
127 97 0 0
127 96 0 0
127 95 0 0
127 94 0 0
127 93 0 0
127 92 0 0
127 91 0 -2
127 90 0 -2
127 89 0 -3
127 88 0 -2
127 87 0 0
127 86 0 0
127 85 0 0
127 84 0 0
127 83 0 0
127 82 0 0
127 81 0 0
127 80 0 0
127 79 0 0
127 78 0 0
127 77 0 0
127 76 0 0
127 75 0 0
127 74 0 0
127 73 0 0
127 72 0 0
127 71 0 0
127 70 0 0
127 69 0 0
127 68 0 0
127 67 0 0
127 66 0 0
127 65 0 0
127 64 0 0
127 63 0 0
127 62 0 0
127 61 0 0
127 60 0 0
127 59 0 0
127 58 0 0
127 57 0 0
127 56 0 0
127 55 0 0
127 54 0 -1
127 53 0 0
127 52 0 0
127 51 0 0
127 50 0 0
127 49 0 -1
127 48 0 -2
127 47 0 -1
127 46 0 -1
127 45 0 0
127 44 0 0
127 43 0 0
127 42 0 0
127 41 0 0
127 40 0 0
127 39 0 0
127 38 0 0
127 37 0 0
127 36 0 0
127 35 0 0
127 34 0 0
127 33 0 0
127 32 0 0
127 31 0 0
127 30 0 0
127 29 0 0
127 28 0 0
127 27 0 0
127 26 0 0
127 25 0 0
127 24 0 0
127 23 0 0
127 22 0 0
127 21 0 0
127 20 0 0
127 19 0 0
127 18 0 0
127 17 0 0
127 16 0 0
127 15 0 0
127 14 0 0
127 13 0 0
127 12 0 0
127 11 0 0
127 10 0 0
127 9 0 0
127 8 0 0
127 7 0 0
127 6 0 0
127 5 0 0
127 4 0 0
127 3 0 0
127 2 0 0
127 1 0 0
127 0 0 0
126 0 0 0
125 0 0 0
124 0 0 0
123 0 0 0
122 0 0 0
121 0 0 0
120 0 0 0
119 0 0 0
118 0 0 0
117 0 0 0
116 0 0 0
127 101 0 -3
127 102 0 -2
127 103 0 -5
127 104 0 -13
127 105 0 -13
127 106 0 -14
127 107 0 -10
127 108 0 -9
127 109 0 -10
127 110 0 -17
44 33 0 -99
45 33 0 -1
44 34 0 -102
64 51 0 -2
64 52 0 -11
63 51 0 -8
62 51 0 -4
62 50 0 -6
61 50 0 -5
60 50 0 -6
60 49 0 -13
65 52 0 -107
66 52 0 -193
67 52 0 -222
37 125 0 -1
37 126 0 -3
37 124 0 -1
37 123 0 -1
36 123 0 -6
35 123 0 -11
35 122 0 -6
34 122 0 -39
33 122 0 -175
38 126 0 -2
38 127 0 -7
39 127 0 -8
40 127 0 -13
59 109 0 0
59 110 0 -1
59 108 0 0
59 107 0 0
59 106 0 0
59 105 0 0
59 104 0 0
59 103 0 0
59 102 0 0
59 101 0 0
59 100 0 0
59 99 0 0
59 98 0 0
59 97 0 0
59 96 0 0
59 95 0 0
59 94 0 0
59 93 0 0
59 92 0 -3
58 92 0 -4
58 91 0 -37
57 91 0 -177
59 111 0 -4
60 111 0 -7
60 112 0 -6
61 112 0 -11
88 126 0 0
88 127 0 -10
88 125 0 0
88 124 0 0
88 123 0 0
88 122 0 0
88 121 0 0
88 120 0 0
88 119 0 0
88 118 0 0
88 117 0 0
88 116 0 0
88 115 0 0
88 114 0 0
88 113 0 0
88 112 0 0
88 111 0 0
88 110 0 0
88 109 0 0
88 108 0 0
88 107 0 0
88 106 0 0
88 105 0 0
88 104 0 0
88 103 0 0
88 102 0 0
88 101 0 0
88 100 0 0
88 99 0 0
88 98 0 0
88 97 0 0
88 96 0 0
88 95 0 0
88 94 0 0
88 93 0 0
88 92 0 0
88 91 0 0
88 90 0 0
88 89 0 0
88 88 0 0
88 87 0 0
88 86 0 0
88 85 0 0
88 84 0 0
88 83 0 0
88 82 0 0
88 81 0 0
88 80 0 0
88 79 0 0
88 78 0 0
88 77 0 0
88 76 0 0
88 75 0 0
88 74 0 0
88 73 0 0
88 72 0 0
88 71 0 0
88 70 0 0
88 69 0 -5
88 68 0 -12
88 67 0 -74
102 100 0 0
102 101 0 -1
102 99 0 0
102 98 0 0
102 97 0 0
102 96 0 -4
103 96 0 -10
104 96 0 -11
104 95 0 -128
102 102 0 -5
102 103 0 -9
0 126 0 0
0 127 0 -9
0 125 0 0
0 124 0 0
0 123 0 0
0 122 0 0
0 121 0 0
0 120 0 0
0 119 0 0
0 118 0 0
0 117 0 0
0 116 0 0
0 115 0 0
0 114 0 0
0 113 0 0
0 112 0 0
0 111 0 0
0 110 0 0
0 109 0 0
0 108 0 0
0 107 0 0
0 106 0 0
0 105 0 0
0 104 0 0
0 103 0 0
0 102 0 0
0 101 0 -2
26 49 0 0
26 50 0 -1
26 48 0 0
26 47 0 0
26 46 0 0
26 45 0 0
26 44 0 0
26 43 0 0
26 42 0 0
26 41 0 0
26 40 0 0
26 39 0 0
26 38 0 0
26 37 0 0
26 36 0 0
26 35 0 0
26 34 0 0
26 33 0 0
26 32 0 0
26 31 0 -3
26 30 0 0
26 29 0 0
26 28 0 0
26 27 0 0
26 26 0 0
26 25 0 0
26 24 0 0
26 23 0 0
26 22 0 0
26 21 0 0
26 20 0 0
26 19 0 0
26 18 0 0
26 17 0 0
26 16 0 0
26 15 0 0
26 14 0 0
26 13 0 0
26 12 0 0
26 11 0 0
26 10 0 0
26 9 0 0
26 8 0 0
26 7 0 0
26 6 0 0
26 5 0 0
26 4 0 0
26 3 0 0
26 2 0 0
26 1 0 0
27 50 0 -7
106 100 0 0
106 101 0 -1
106 99 0 -2
106 98 0 -13
106 97 0 -62
106 102 0 -3
106 103 0 -7
