155

0 1 254
0 2 254
2 3 254
3 4 254
4 5 254
5 6 254
6 7 254
7 8 254
8 9 254
9 10 254
10 11 254
11 12 254
12 13 254
13 14 254
14 15 254
15 16 254
16 17 254
17 18 254
18 19 254
19 20 254
20 21 254
21 22 254
22 23 254
23 24 254
24 25 254
25 26 254
26 27 254
1 28 254
28 29 254
29 30 254

31 32 249
31 33 249
33 34 249
34 35 249
35 36 249
36 37 249
37 38 249
32 39 249
39 40 249
40 41 249
41 42 249
42 43 249
43 44 249
44 45 249

46 47 236
46 48 236
48 49 236
49 50 236
50 51 236
51 52 236
47 53 236

54 55 212
54 56 212

57 58 243
57 59 243
58 60 243

61 62 51
61 63 51
63 64 51
64 65 51
65 66 51
62 67 51
67 68 51

69 70 207
69 71 207

72 73 253
72 74 253
74 75 253
75 76 253
76 77 253
77 78 253
78 79 253
79 80 253
80 81 253
81 82 253
82 83 253
83 84 253
84 85 253
85 86 253
86 87 253
87 88 253
88 89 253
89 90 253
90 91 253
91 92 253
73 93 253
93 94 253

95 96 252
95 97 252
97 98 252
98 99 252
99 100 252
100 101 252
101 102 252
102 103 252
103 104 252
104 105 252
105 106 252
106 107 252
107 108 252
108 109 252
109 110 252
110 111 252
111 112 252
112 113 252
113 114 252
96 115 252
115 116 252

117 118 248
117 119 248
118 120 248
120 121 248
121 122 248
122 123 248
123 124 248
124 125 248

126 127 23
126 128 23
128 129 23
129 130 23
130 131 23
131 132 23
127 133 23
133 134 23

135 136 252
135 137 252
137 138 252
138 139 252
139 140 252
140 141 252
141 142 252
142 143 252
143 144 252
144 145 252
145 146 252
146 147 252
147 148 252
148 149 252
149 150 252
150 151 252
151 152 252
152 153 252
153 154 252
154 155 252
155 156 252
156 157 252
157 158 252
158 159 252
159 160 252
160 161 252
161 162 252
162 163 252
163 164 252
164 165 252
165 166 252
166 167 252
167 168 252
168 169 252
169 170 252
170 171 252
171 172 252
172 173 252
173 174 252
174 175 252
175 176 252
176 177 252
177 178 252
178 179 252
179 180 252
180 181 252
181 182 252
182 183 252
183 184 252
184 185 252
185 186 252
186 187 252
187 188 252
188 189 252
189 190 252
190 191 252
191 192 252
192 193 252
193 194 252
194 195 252
195 196 252
196 197 252
197 198 252
198 199 252
199 200 252
200 201 252
201 202 252
202 203 252
203 204 252
204 205 252
205 206 252
206 207 252
207 208 252
208 209 252
209 210 252
210 211 252
211 212 252
212 213 252
213 214 252
214 215 252
136 216 252
216 217 252
217 218 252
218 219 252

220 221 252
220 222 252
222 223 252
223 224 252
224 225 252
225 226 252
226 227 252
227 228 252
228 229 252
229 230 252
230 231 252
231 232 252
232 233 252
233 234 252
234 235 252
235 236 252
236 237 252
237 238 252
238 239 252
221 240 252
240 241 252
241 242 252

243 244 148
243 245 148

246 247 245
246 248 245

249 250 13
249 251 13
250 252 13

253 254 17
253 255 17
255 256 17
254 257 17

258 259 24
258 260 24
260 244 24

261 262 18
261 263 18
262 264 18
264 265 18
265 266 18
266 219 18

267 125 7
267 268 7

269 270 190
269 271 190
271 272 190
272 273 190
273 274 190
270 275 190

276 277 95
276 278 95
278 279 95
279 280 95
280 116 95

281 282 64
282 283 64

284 248 234
284 285 234

286 287 248
286 288 248
288 289 248
289 290 248
290 291 248
291 292 248
292 293 248
293 294 248
294 295 248
295 296 248
296 297 248
297 298 248
298 299 248
299 300 248
300 301 248
301 302 248
302 303 248
287 304 248
304 305 248
305 306 248
306 307 248
307 308 248
308 309 248

310 311 248
310 312 248
312 313 248
313 314 248
314 315 248
315 316 248
316 317 248
317 318 248
318 319 248
319 320 248
320 321 248
321 322 248
322 323 248
323 324 248
324 325 248
325 326 248
326 327 248
327 328 248
328 329 248
329 330 248
330 331 248
331 332 248
332 333 248
333 334 248
334 335 248
335 336 248
336 337 248
311 338 248
338 339 248
339 340 248
340 341 248
341 342 248

343 56 9
343 52 9

344 66 7
344 134 7

345 346 27
345 347 27
347 348 27
346 349 27
349 350 27
350 351 27
351 352 27

353 354 247
353 355 247
355 356 247
356 357 247
357 358 247
358 359 247
359 360 247
360 361 247
361 362 247
362 363 247
363 364 247
364 365 247
365 366 247
366 367 247
367 368 247
368 369 247
369 370 247
370 371 247
371 372 247
372 373 247
373 374 247
374 375 247
375 376 247
376 377 247
377 378 247
378 379 247
379 380 247
380 381 247
381 382 247
382 383 247
383 384 247
384 385 247
385 386 247
386 387 247
387 388 247
388 389 247
389 390 247
390 391 247
391 392 247
392 393 247
393 394 247
394 395 247
395 396 247
396 397 247
397 398 247
398 399 247
399 400 247
400 401 247
401 402 247
402 403 247
403 404 247
404 405 247
405 406 247
406 407 247
407 408 247
408 409 247
409 410 247
410 411 247
411 412 247
412 413 247
413 414 247
414 415 247
415 416 247
416 417 247
417 418 247
418 419 247
419 420 247
420 421 247
421 422 247
422 423 247
423 424 247
424 425 247
425 426 247
426 427 247
427 428 247
428 429 247
429 430 247
430 431 247
431 432 247
432 433 247
433 434 247
434 435 247
435 436 247
436 437 247
437 438 247
438 439 247
439 440 247
440 441 247
441 442 247
442 443 247
443 444 247
444 445 247
445 446 247
446 447 247
447 448 247
448 449 247
449 450 247
450 451 247
451 452 247
452 453 247
453 454 247
454 455 247
455 456 247
456 96 247
96 115 247
115 116 247
354 457 247
457 458 247
458 459 247
459 460 247
460 461 247
461 462 247
462 463 247
463 464 247

465 466 245
465 467 245
467 468 245
468 469 245
469 470 245
470 471 245
471 472 245
472 307 245
307 308 245
308 309 245
466 473 245
473 474 245

475 476 16
475 477 16
477 478 16

479 480 238
479 481 238
481 482 238
482 483 238
483 484 238
484 485 238
480 486 238
486 267 238
267 268 238

487 488 10
487 474 10

489 490 16
489 491 16
491 492 16
492 493 16
493 68 16
490 494 16
494 495 16
495 496 16
496 497 16
497 498 16

499 500 245
499 501 245
501 502 245
502 503 245
503 504 245
504 505 245
505 506 245
506 507 245
507 508 245
508 509 245
509 510 245
510 511 245
511 512 245
512 513 245
513 514 245
514 515 245
515 516 245
516 517 245
500 518 245
518 519 245
519 520 245
520 51 245
51 52 245

521 522 14
521 523 14
523 524 14
524 281 14
522 478 14

525 526 30
525 527 30
527 528 30
528 529 30
529 530 30
530 531 30
531 532 30
526 533 30

534 535 6
534 536 6

537 285 166
537 538 166
538 277 166

539 540 113
539 541 113
541 542 113
540 543 113
543 544 113
544 545 113
545 132 113

546 547 243
546 548 243
548 549 243
549 550 243
550 551 243
551 552 243
552 553 243
553 554 243
554 532 243
547 555 243
555 556 243
556 557 243

558 559 95
558 560 95
560 561 95
561 562 95
559 563 95

564 565 244
564 566 244
566 567 244
567 568 244
568 569 244
569 570 244
570 571 244
571 572 244
572 573 244
573 574 244
574 575 244
575 576 244
576 577 244
577 578 244
578 579 244
579 580 244
580 581 244
581 582 244
582 583 244
583 584 244
584 585 244
585 586 244
586 587 244
587 588 244
588 589 244
589 590 244
590 591 244
591 592 244
592 593 244
593 594 244
594 595 244
595 596 244
596 597 244
597 598 244
598 599 244
599 600 244
600 601 244
601 602 244
602 603 244
603 604 244
604 605 244
605 606 244
606 607 244
607 608 244
608 609 244
609 610 244
610 611 244
611 612 244
612 613 244
613 614 244
614 615 244
615 616 244
616 617 244
617 618 244
618 619 244
619 620 244
620 621 244
621 622 244
622 623 244
623 624 244
624 625 244
625 626 244
626 627 244
627 628 244
628 629 244
629 630 244
630 631 244
631 632 244
632 633 244
633 634 244
634 635 244
635 636 244
636 637 244
637 638 244
638 639 244
639 640 244
640 641 244
641 642 244
642 643 244
643 644 244
644 645 244
645 646 244
646 647 244
647 648 244
648 649 244
649 650 244
650 651 244
651 652 244
652 653 244
653 654 244
654 655 244
655 656 244
656 657 244
657 658 244
658 659 244
659 660 244
660 661 244
661 662 244
662 663 244
663 664 244
664 665 244
665 666 244
666 667 244
667 668 244
668 669 244
669 670 244
670 671 244
671 672 244
672 673 244
673 674 244
674 675 244
675 676 244
676 677 244
677 678 244
678 679 244
679 680 244
680 681 244
681 682 244
682 683 244
683 684 244
684 685 244
685 686 244
686 687 244
687 688 244
688 689 244
689 690 244
690 691 244
691 692 244
692 693 244
693 694 244
694 695 244
695 696 244
696 697 244
697 698 244
698 699 244
699 106 244
106 107 244
107 108 244
108 109 244
109 110 244
110 111 244
111 112 244
112 113 244
113 114 244
565 700 244
700 701 244

702 703 61
702 704 61
704 705 61
705 706 61
706 707 61
703 708 61
708 709 61

710 711 47
710 712 47
711 245 47

713 542 30
713 714 30
714 715 30

716 717 168
716 718 168
718 719 168
719 132 168
717 720 168
720 721 168

722 723 121
722 724 121
724 461 121
461 462 121
462 463 121
463 464 121

725 726 241
725 727 241
727 728 241
728 729 241
729 730 241
730 731 241
731 732 241
732 733 241
733 734 241
734 735 241
735 736 241
736 737 241
737 738 241
738 739 241
739 740 241
740 741 241
741 742 241
742 743 241
743 744 241
744 745 241
745 746 241
746 747 241
726 748 241
748 749 241
749 750 241
750 751 241
751 752 241
752 753 241

754 755 217
754 756 217
755 757 217
757 758 217

759 251 145
759 247 145

760 761 156
760 29 156
29 30 156
761 485 156

762 763 168
762 764 168
764 765 168
763 766 168

767 768 240
767 769 240
769 770 240
770 771 240
771 772 240
772 773 240
773 774 240
774 775 240
775 776 240
776 777 240
777 778 240
778 779 240
779 780 240
780 781 240
781 782 240
782 783 240
783 784 240
784 785 240
785 786 240
786 787 240
787 788 240
788 789 240
789 790 240
790 791 240
791 792 240
792 793 240
793 794 240
794 795 240
795 796 240
796 797 240
797 798 240
798 799 240
799 800 240
800 801 240
801 802 240
802 803 240
803 804 240
804 805 240
805 806 240
806 807 240
807 808 240
808 809 240
809 810 240
810 811 240
811 812 240
812 813 240
813 814 240
814 815 240
815 816 240
816 817 240
817 818 240
818 819 240
819 820 240
820 821 240
821 822 240
822 823 240
823 824 240
824 825 240
825 826 240
826 827 240
827 828 240
828 829 240
829 830 240
830 831 240
831 832 240
832 833 240
833 834 240
834 835 240
835 836 240
836 837 240
837 838 240
838 839 240
839 840 240
840 841 240
841 842 240
842 843 240
843 844 240
844 845 240
845 846 240
768 847 240
847 848 240
848 849 240
849 850 240
850 851 240

852 853 238
852 854 238
854 855 238
855 856 238
856 857 238
857 858 238
858 859 238
859 860 238
860 861 238
861 862 238
862 863 238
863 864 238
864 865 238
865 866 238
866 867 238
867 868 238
868 869 238
869 870 238
870 871 238
871 872 238
872 873 238
873 874 238
874 875 238
875 876 238
876 877 238
877 878 238
878 879 238
879 880 238
880 881 238
881 882 238
882 883 238
883 884 238
884 885 238
885 886 238
886 887 238
887 888 238
888 889 238
889 890 238
890 891 238
891 892 238
892 893 238
893 894 238
894 895 238
895 896 238
896 897 238
897 898 238
898 899 238
899 900 238
900 901 238
901 902 238
902 903 238
903 904 238
904 905 238
905 906 238
906 907 238
907 908 238
908 909 238
909 910 238
910 911 238
911 912 238
912 913 238
913 914 238
914 915 238
915 916 238
916 917 238
917 846 238
853 918 238
918 919 238
919 920 238
920 921 238

922 923 8
922 259 8

924 925 57
924 926 57
926 927 57

928 929 178
928 930 178
929 931 178

932 927 10
932 933 10
933 38 10

934 935 169
934 936 169
936 937 169
935 938 169
938 939 169
939 940 169
940 941 169
941 274 169

942 943 50
942 944 50
943 945 50
945 495 50
495 496 50
496 497 50
497 498 50

946 947 16
946 753 16

948 949 31
948 950 31
950 951 31
951 352 31

952 953 43
952 954 43
954 955 43
955 956 43
953 957 43
957 958 43
958 959 43

960 553 33
960 94 33
553 554 33
554 532 33

961 712 35
961 563 35

962 963 26
962 242 26
963 562 26

347 498 6
347 348 6

964 965 69
964 701 69

966 967 229
966 968 229
968 969 229
969 970 229
970 971 229
971 972 229
972 973 229
973 974 229
974 975 229
975 976 229
976 977 229
977 978 229
978 979 229
979 980 229
980 981 229
981 982 229
982 983 229
983 984 229
984 985 229
985 986 229
986 987 229
987 988 229
988 989 229
989 990 229
990 991 229
991 992 229
992 993 229
993 994 229
994 995 229
995 996 229
996 997 229
997 998 229
998 999 229
999 1000 229
1000 1001 229
1001 1002 229
1002 1003 229
1003 1004 229
1004 1005 229
1005 1006 229
1006 1007 229
1007 1008 229
1008 1009 229
1009 1010 229
1010 1011 229
1011 1012 229
1012 1013 229
1013 1014 229
1014 1015 229
1015 1016 229
1016 1017 229
1017 1018 229
1018 1019 229
1019 1020 229
1020 692 229
692 693 229
693 694 229
694 695 229
695 696 229
696 697 229
697 698 229
698 699 229
699 106 229
106 107 229
107 108 229
108 109 229
109 110 229
110 111 229
111 112 229
112 113 229
113 114 229
967 1021 229
1021 1022 229
1022 1023 229
1023 1024 229

1025 1026 10
1025 1027 10
1026 937 10

1028 1029 43
1028 1030 43
1030 956 43
1029 1031 43

1032 1033 225
1032 1034 225
1034 1035 225
1035 23 225
23 24 225
24 25 225
25 26 225
26 27 225
1033 1036 225
1036 1037 225
1037 1038 225
1038 1039 225
1039 536 225

1040 930 122
1040 1041 122
1041 923 122

1042 1043 223
1042 1044 223
1044 1045 223
1045 1046 223
1046 1047 223
1047 1048 223
1048 1049 223
1049 1050 223
1050 1051 223
1051 1052 223
1052 1053 223
1053 1054 223
1054 1055 223
1055 1056 223
1056 1057 223
1057 1058 223
1058 1059 223
1059 1060 223
1060 1061 223
1061 1062 223
1062 1063 223
1063 1064 223
1064 1065 223
1065 1066 223
1066 119 223
1043 1067 223
1067 1068 223
1068 1069 223

1070 1071 8
1071 464 8

1072 1073 13
1072 1074 13
1073 1075 13

1076 1077 78
1076 1078 78
1078 1079 78
1077 274 78

1080 1081 58
1080 1082 58
1081 37 58
37 38 58

1083 1084 32
1083 925 32
1084 715 32

1085 1086 52
1086 766 52

1087 1088 203
1087 1089 203
1089 1090 203
1090 1091 203
1091 1092 203
1092 1093 203
1088 1094 203
1094 1095 203

1096 1097 213
1096 1098 213
1098 1099 213
1099 1100 213
1100 1101 213
1101 1102 213
1102 1103 213
1103 1104 213
1097 1105 213
1105 1106 213
1106 1107 213

1108 1109 51
1108 488 51

1110 1066 194
1110 1111 194
1066 119 194

1112 348 20
1112 489 20
489 491 20
491 492 20
492 493 20
493 68 20

1113 1114 81
1113 1075 81

1115 1116 195
1115 1117 195
1117 1118 195
1118 1119 195
1119 1120 195
1120 1121 195
1121 1122 195
1122 1123 195
1123 1124 195
1124 1086 195
1086 766 195
1116 1125 195
1125 1126 195
1126 1127 195

1128 1129 110
1128 70 110
1129 1031 110

1130 1131 32
1130 1132 32
1131 1027 32

1133 1134 51
1133 931 51
1134 1135 51
1135 1136 51

1137 1138 24
1137 1079 24
1138 959 24

1139 1140 56
1139 1070 56
1140 1141 56

1142 1143 184
1142 1144 184
1144 1145 184
1145 1146 184
1146 1147 184
1143 1148 184
1148 1149 184
1149 1150 184

1151 1152 107
1151 1153 107
1153 1154 107
1152 1155 107
1155 213 107
213 214 107
214 215 107

1156 1154 28
1156 114 28

1157 1158 69
1157 1085 69
1158 1159 69

1160 944 152
1160 1161 152
1161 62 152
62 67 152
67 68 152

1162 1104 32
1162 215 32

1163 1164 37
1164 1024 37

1165 71 12
1165 949 12

1166 765 19
1166 1111 19

1167 1168 58
1168 1069 58

1169 1170 80
1169 1171 80
1171 1172 80
1172 1173 80
1170 758 80

1174 1175 106
1175 1176 106
1176 1177 106
1177 1178 106
1178 252 106

1179 1136 7
1179 1180 7

1181 1182 85
1181 60 85
1182 1183 85
1183 45 85

1184 1185 128
1184 1109 128

1186 268 15
1186 1187 15

1188 1189 115
1188 1159 115
1189 1190 115

1191 1192 69
1191 275 69
1192 1193 69
1193 256 69

1194 1147 31
1194 1107 31

1195 1196 122
1195 1197 122
1197 1198 122
1198 1199 122
1199 1200 122
1200 1201 122
1201 1202 122
1196 1203 122
1203 914 122
914 915 122
915 916 122
916 917 122
917 846 122

1204 1074 43
1204 1205 43
1205 557 43

1206 1207 71
1206 283 71
1207 53 71

1208 1209 13
1208 1114 13
1209 1210 13

1211 239 52
1211 1212 52
1212 263 52

1213 1214 79
1213 238 79
238 239 79
1214 756 79

1215 59 86
1215 1216 86
1216 476 86

1217 1218 106
1217 1219 106
1219 1220 106
1220 1221 106
1221 1222 106
1222 1223 106
1223 1224 106
1224 1225 106
1225 1226 106
1226 1227 106
1227 1228 106
1228 1229 106
1229 1230 106
1230 1231 106
1231 1232 106
1218 1233 106

1234 1235 69
1234 1141 69
1235 1236 69

1237 1238 43
1237 1239 43
1239 965 43

1240 1241 81
1240 1242 81
1242 1243 81
1243 1244 81
1244 1245 81
1245 1246 81
1246 1247 81
1247 1248 81
1248 1249 81
1249 1250 81
1250 1251 81
1251 1252 81
1252 1253 81
1253 1254 81
1254 1255 81
1255 1256 81
1256 1107 81
1241 1257 81
1257 1258 81
1258 1259 81
1259 1260 81
1260 1261 81
1261 1262 81
1262 517 81

1263 1264 26
1263 55 26
1264 1265 26
1265 706 26
706 707 26

1266 1267 26
1266 1268 26
1268 1150 26

1269 337 8
1269 1127 8

1270 1271 36
1270 1272 36
1271 1273 36
1273 1082 36

1274 1275 58
1274 1276 58
1276 1277 58
1277 1278 58
1278 1279 58
1279 1280 58
1280 1281 58
1281 1282 58
1282 1283 58
1283 1284 58
1284 1285 58
1285 1286 58
1286 1287 58
1287 1288 58
1288 1289 58
1289 1290 58
1290 1291 58
1291 1292 58
1292 1293 58
1293 1294 58
1294 1295 58
1295 1296 58
1296 1297 58
1297 1298 58
1298 1299 58
1299 1300 58
1300 1301 58
1301 1302 58
1302 1303 58
1303 1304 58
1304 1305 58
1305 1306 58
1306 1307 58
1307 1308 58
1308 1152 58
1152 1155 58
1155 213 58
213 214 58
214 215 58
1275 1309 58
1309 1310 58
1310 1311 58

1312 1313 32
1312 1314 32
1314 30 32

1315 1316 47
1315 1317 47
1317 746 47
746 747 47
1316 1318 47
1318 1272 47

1319 1320 48
1319 1321 48
1320 1322 48
1322 1185 48

1323 1324 51
1323 1325 51
1325 1233 51
1324 1326 51

1327 1328 44
1327 1329 44
1329 1330 44
1330 1331 44
1331 1132 44
1328 1332 44
1332 91 44
91 92 44

1333 1334 38
1333 1335 38
1335 1336 38
1336 1337 38
1337 1338 38
1338 1339 38
1339 1340 38
1340 1341 38
1341 1342 38
1342 1343 38
1343 1344 38
1344 1345 38
1345 1346 38
1346 1347 38
1347 1348 38
1348 1349 38
1349 1350 38
1350 1351 38
1351 1352 38
1352 1353 38
1353 1354 38
1354 1355 38
1355 1356 38
1356 1357 38
1357 1358 38
1358 1359 38
1359 1360 38
1360 1361 38
1361 1362 38
1362 1363 38
1363 1364 38
1364 1365 38
1365 1366 38
1366 1367 38
1367 1368 38
1368 1369 38
1369 1370 38
1370 1371 38
1371 1372 38
1372 1373 38
1373 1374 38
1374 1375 38
1375 1376 38
1376 1377 38
1377 1378 38
1378 1379 38
1379 1380 38
1380 1381 38
1381 1382 38
1382 1383 38
1383 1384 38
1384 1385 38
1385 1386 38
1386 1387 38
1387 1388 38
1388 1389 38
1389 1390 38
1390 1391 38
1391 1392 38
1392 1393 38
1393 1394 38
1394 1395 38
1395 1396 38
1334 1397 38
1397 1398 38
1398 1399 38

1400 1401 32
1400 1402 32
1402 1403 32
1403 1404 32
1404 1037 32
1037 1038 32
1038 1039 32
1039 536 32
1401 1405 32
1405 1406 32
1406 1396 32

1407 1408 9
1407 1409 9
1408 700 9
700 701 9

1410 1411 29
1410 1412 29
1412 1413 29
1413 1414 29
1414 1415 29
1415 1416 29
1416 1417 29
1417 1393 29
1393 1394 29
1394 1395 29
1395 1396 29
1411 1418 29

1419 747 20
1419 1420 20

1421 1095 8
1421 1422 8
1422 1423 8
1423 1424 8
1424 1425 8
1425 273 8
273 274 8

1426 1427 15
1427 1420 15

1428 1429 16
1428 1430 16
1430 1321 16

1202 1430 12
1430 1321 12

1431 26 15
1431 1432 15
1432 1433 15
1433 1434 15
1434 1435 15
1435 1436 15
1436 1437 15
1437 1438 15
1438 1439 15
1439 1440 15
1440 1441 15
1441 1442 15
1442 508 15
508 509 15
509 510 15
510 511 15
511 512 15
512 513 15
513 514 15
514 515 15
515 516 15
516 517 15
26 27 15

1443 1444 11
1444 1445 11
1445 1446 11
1446 1447 11
1447 1406 11
1406 1396 11

1448 1449 13
1448 1450 13
1450 1451 13
1451 1452 13
1452 474 13

1453 1454 7
1454 1449 7

1455 1456 10
1455 1457 10
1457 535 10

1458 1459 11
1458 1460 11
1460 1461 11
1461 1462 11
1462 1463 11
1463 1464 11
1464 1465 11
1465 1466 11
1466 1467 11
1467 1468 11
1468 1469 11
1469 1470 11
1470 1471 11
1471 1472 11
1472 1473 11
1473 1474 11
1474 38 11
1459 1475 11
1475 1232 11

1476 1477 11
1476 1478 11
1478 1479 11
1479 1480 11
1480 1481 11
1481 1482 11
1482 1483 11
1483 1484 11
1484 1485 11
1485 1486 11
1486 1487 11
1487 1488 11
1488 1489 11
1489 1490 11
1490 1491 11
1491 1492 11
1492 1493 11
1493 1494 11
1494 1495 11
1495 1496 11
1496 1497 11
1497 1498 11
1498 1499 11
1499 1500 11
1500 1501 11
1501 1502 11
1502 1503 11
1503 1504 11
1504 1505 11
1505 1506 11
1506 1507 11
1507 1508 11
1508 1509 11
1509 1510 11
1510 1511 11
1511 1512 11
1512 1513 11
1513 1514 11
1514 1515 11
1515 1516 11
1516 1517 11
1517 1518 11
1518 1519 11
1519 1520 11
1520 1521 11
1521 1522 11
1522 1523 11
1523 1524 11
1524 1525 11
1525 1526 11
1526 1527 11
1527 1528 11
1528 1529 11
1529 1418 11
1477 1530 11

1531 303 8
1531 1268 8
1268 1150 8

1532 1533 7
1532 1534 7
1534 1535 7
1535 1536 7
1536 1537 7
1537 1538 7
1533 1202 7

1539 1540 8
1539 1541 8
1541 1542 8
1542 1543 8
1543 1544 8
1544 1545 8
1545 1546 8
1546 1547 8
1547 1548 8
1548 1549 8
1549 1550 8
1550 1551 8
1551 1399 8
1540 1552 8
1552 1553 8
1553 1554 8

1555 1556 8
1555 1557 8
1557 1558 8
1558 1559 8
1559 1560 8
1560 1561 8
1561 1562 8
1562 1563 8
1563 1564 8
1564 1565 8
1565 1566 8
1566 1567 8
1567 1568 8
1568 1569 8
1569 1570 8
1570 1571 8
1571 1572 8
1572 1573 8
1573 1574 8
1574 1575 8
1575 1576 8
1576 1577 8
1577 1578 8
1578 1579 8
1579 1580 8
1580 1581 8
1581 1582 8
1582 1583 8
1583 1584 8
1584 1585 8
1585 1586 8
1586 1587 8
1587 1588 8
1588 1589 8
1589 1590 8
1590 1591 8
1591 1592 8
1592 1593 8
1593 1594 8
1594 1595 8
1595 1596 8
1596 1597 8
1597 1598 8
1598 1599 8
1599 1600 8
1600 1601 8
1601 257 8
1556 1602 8
1602 1603 8
1603 1604 8

1605 1606 6
1605 1607 6
1607 1185 6

EOF
